[(array([[0., 0., 1., 1.],
       [1., 0., 0., 1.],
       [0., 1., 0., 1.],
       [1., 1., 0., 0.]]), array([2, 5, 7, 8])), (array([[0., 0., 1.],
       [1., 0., 1.],
       [1., 1., 0.]]), array([2, 5, 8])), (array([[0., 0., 1.],
       [0., 0., 1.],
       [1., 1., 0.]]), array([2, 5, 8])), (array([[0., 1.],
       [1., 0.]]), array([2, 8])), (array([[0., 0., 1.],
       [1., 0., 0.],
       [1., 1., 0.]]), array([2, 5, 8])), (array([[0., 0., 1.],
       [1., 0., 0.],
       [0., 1., 0.]]), array([2, 5, 8])), (array([[0., 0., 1.],
       [1., 0., 1.],
       [0., 1., 0.]]), array([2, 5, 8])), (array([[0., 0., 1., 0.],
       [1., 0., 0., 1.],
       [0., 1., 0., 1.],
       [1., 1., 0., 0.]]), array([2, 5, 7, 8])), (array([[0., 0., 1., 0.],
       [0., 0., 0., 1.],
       [0., 1., 0., 1.],
       [1., 1., 0., 0.]]), array([2, 5, 7, 8])), (array([[0., 1., 0.],
       [0., 0., 1.],
       [1., 0., 0.]]), array([2, 7, 8])), (array([[0., 0., 1., 0.],
       [0., 0., 0., 1.],
       [0., 0., 0., 1.],
       [1., 1., 0., 0.]]), array([2, 5, 7, 8])), (array([[0., 0., 1., 0.],
       [0., 0., 0., 1.],
       [0., 1., 0., 0.],
       [1., 1., 0., 0.]]), array([2, 5, 7, 8])), (array([[0., 0., 1., 0.],
       [0., 0., 0., 1.],
       [0., 1., 0., 0.],
       [1., 0., 0., 0.]]), array([2, 5, 7, 8])), (array([[0., 0., 1., 0.],
       [0., 0., 0., 1.],
       [0., 1., 0., 1.],
       [1., 0., 0., 0.]]), array([2, 5, 7, 8])), (array([[0., 0., 1., 0.],
       [1., 0., 0., 0.],
       [0., 1., 0., 1.],
       [1., 1., 0., 0.]]), array([2, 5, 7, 8])), (array([[0., 0., 1., 0.],
       [1., 0., 0., 0.],
       [0., 0., 0., 1.],
       [1., 1., 0., 0.]]), array([2, 5, 7, 8])), (array([[0., 0., 1., 0.],
       [1., 0., 0., 0.],
       [0., 0., 0., 1.],
       [0., 1., 0., 0.]]), array([2, 5, 7, 8])), (array([[0., 0., 1.],
       [1., 0., 0.],
       [0., 1., 0.]]), array([2, 5, 7])), (array([[0., 0., 1., 0.],
       [1., 0., 0., 0.],
       [0., 1., 0., 1.],
       [0., 1., 0., 0.]]), array([2, 5, 7, 8])), (array([[0., 0., 1., 0.],
       [1., 0., 0., 0.],
       [0., 1., 0., 1.],
       [1., 0., 0., 0.]]), array([2, 5, 7, 8])), (array([[0., 0., 1., 0.],
       [1., 0., 0., 1.],
       [0., 0., 0., 1.],
       [1., 1., 0., 0.]]), array([2, 5, 7, 8])), (array([[0., 0., 1., 0.],
       [1., 0., 0., 1.],
       [0., 0., 0., 1.],
       [0., 1., 0., 0.]]), array([2, 5, 7, 8])), (array([[0., 0., 1., 0.],
       [1., 0., 0., 1.],
       [0., 1., 0., 0.],
       [1., 1., 0., 0.]]), array([2, 5, 7, 8])), (array([[0., 0., 1., 0.],
       [1., 0., 0., 1.],
       [0., 1., 0., 0.],
       [0., 1., 0., 0.]]), array([2, 5, 7, 8])), (array([[0., 0., 1., 0.],
       [1., 0., 0., 1.],
       [0., 1., 0., 0.],
       [1., 0., 0., 0.]]), array([2, 5, 7, 8])), (array([[0., 0., 1., 0.],
       [1., 0., 0., 1.],
       [0., 1., 0., 1.],
       [0., 1., 0., 0.]]), array([2, 5, 7, 8])), (array([[0., 0., 1., 0.],
       [1., 0., 0., 1.],
       [0., 1., 0., 1.],
       [1., 0., 0., 0.]]), array([2, 5, 7, 8])), (array([[0., 0., 1., 1.],
       [0., 0., 0., 1.],
       [0., 1., 0., 1.],
       [1., 1., 0., 0.]]), array([2, 5, 7, 8])), (array([[0., 1., 1.],
       [0., 0., 1.],
       [1., 0., 0.]]), array([2, 7, 8])), (array([[0., 0., 1., 1.],
       [0., 0., 0., 1.],
       [0., 0., 0., 1.],
       [1., 1., 0., 0.]]), array([2, 5, 7, 8])), (array([[0., 0., 1., 1.],
       [0., 0., 0., 1.],
       [0., 1., 0., 0.],
       [1., 1., 0., 0.]]), array([2, 5, 7, 8])), (array([[0., 0., 1., 1.],
       [0., 0., 0., 1.],
       [0., 1., 0., 0.],
       [1., 0., 0., 0.]]), array([2, 5, 7, 8])), (array([[0., 0., 1., 1.],
       [0., 0., 0., 1.],
       [0., 1., 0., 1.],
       [1., 0., 0., 0.]]), array([2, 5, 7, 8])), (array([[0., 0., 1., 1.],
       [1., 0., 0., 0.],
       [0., 1., 0., 1.],
       [1., 1., 0., 0.]]), array([2, 5, 7, 8])), (array([[0., 0., 1., 1.],
       [1., 0., 0., 0.],
       [0., 0., 0., 1.],
       [1., 1., 0., 0.]]), array([2, 5, 7, 8])), (array([[0., 0., 1., 1.],
       [1., 0., 0., 0.],
       [0., 0., 0., 1.],
       [0., 1., 0., 0.]]), array([2, 5, 7, 8])), (array([[0., 0., 1., 1.],
       [1., 0., 0., 0.],
       [0., 1., 0., 0.],
       [1., 1., 0., 0.]]), array([2, 5, 7, 8])), (array([[0., 0., 1., 1.],
       [1., 0., 0., 0.],
       [0., 1., 0., 0.],
       [0., 1., 0., 0.]]), array([2, 5, 7, 8])), (array([[0., 0., 1., 1.],
       [1., 0., 0., 0.],
       [0., 1., 0., 0.],
       [1., 0., 0., 0.]]), array([2, 5, 7, 8])), (array([[0., 0., 1., 1.],
       [1., 0., 0., 0.],
       [0., 1., 0., 1.],
       [0., 1., 0., 0.]]), array([2, 5, 7, 8])), (array([[0., 0., 1., 1.],
       [1., 0., 0., 0.],
       [0., 1., 0., 1.],
       [1., 0., 0., 0.]]), array([2, 5, 7, 8])), (array([[0., 0., 1., 1.],
       [1., 0., 0., 1.],
       [0., 0., 0., 1.],
       [1., 1., 0., 0.]]), array([2, 5, 7, 8])), (array([[0., 0., 1., 1.],
       [1., 0., 0., 1.],
       [0., 0., 0., 1.],
       [0., 1., 0., 0.]]), array([2, 5, 7, 8])), (array([[0., 0., 1., 1.],
       [1., 0., 0., 1.],
       [0., 1., 0., 0.],
       [1., 1., 0., 0.]]), array([2, 5, 7, 8])), (array([[0., 0., 1., 1.],
       [1., 0., 0., 1.],
       [0., 1., 0., 0.],
       [0., 1., 0., 0.]]), array([2, 5, 7, 8])), (array([[0., 0., 1., 1.],
       [1., 0., 0., 1.],
       [0., 1., 0., 0.],
       [1., 0., 0., 0.]]), array([2, 5, 7, 8])), (array([[0., 0., 1., 1.],
       [1., 0., 0., 1.],
       [0., 1., 0., 1.],
       [0., 1., 0., 0.]]), array([2, 5, 7, 8])), (array([[0., 0., 1., 1.],
       [1., 0., 0., 1.],
       [0., 1., 0., 1.],
       [1., 0., 0., 0.]]), array([2, 5, 7, 8])), (array([[0., 0., 1., 1.],
       [1., 0., 0., 1.],
       [0., 0., 0., 1.],
       [1., 1., 0., 0.]]), array([2, 5, 6, 8])), (array([[0., 0., 1., 0.],
       [1., 0., 0., 1.],
       [0., 0., 0., 1.],
       [1., 1., 0., 0.]]), array([2, 5, 6, 8])), (array([[0., 0., 1., 0.],
       [0., 0., 0., 1.],
       [0., 0., 0., 1.],
       [1., 1., 0., 0.]]), array([2, 5, 6, 8])), (array([[0., 1., 0.],
       [0., 0., 1.],
       [1., 0., 0.]]), array([2, 6, 8])), (array([[0., 0., 1., 0.],
       [1., 0., 0., 0.],
       [0., 0., 0., 1.],
       [1., 1., 0., 0.]]), array([2, 5, 6, 8])), (array([[0., 0., 1., 0.],
       [1., 0., 0., 0.],
       [0., 0., 0., 1.],
       [0., 1., 0., 0.]]), array([2, 5, 6, 8])), (array([[0., 0., 1., 0.],
       [1., 0., 0., 1.],
       [0., 0., 0., 1.],
       [0., 1., 0., 0.]]), array([2, 5, 6, 8])), (array([[0., 0., 1., 1.],
       [0., 0., 0., 1.],
       [0., 0., 0., 1.],
       [1., 1., 0., 0.]]), array([2, 5, 6, 8])), (array([[0., 1., 1.],
       [0., 0., 1.],
       [1., 0., 0.]]), array([2, 6, 8])), (array([[0., 0., 1., 1.],
       [1., 0., 0., 0.],
       [0., 0., 0., 1.],
       [1., 1., 0., 0.]]), array([2, 5, 6, 8])), (array([[0., 0., 1., 1.],
       [1., 0., 0., 0.],
       [0., 0., 0., 1.],
       [0., 1., 0., 0.]]), array([2, 5, 6, 8])), (array([[0., 0., 1., 1.],
       [1., 0., 0., 1.],
       [0., 0., 0., 1.],
       [0., 1., 0., 0.]]), array([2, 5, 6, 8])), (array([[0., 0., 1., 1., 0.],
       [1., 0., 0., 0., 1.],
       [0., 0., 0., 0., 1.],
       [0., 1., 0., 0., 1.],
       [1., 1., 0., 0., 0.]]), array([2, 5, 6, 7, 8])), (array([[0., 0., 1., 1., 0.],
       [0., 0., 0., 0., 1.],
       [0., 0., 0., 0., 1.],
       [0., 1., 0., 0., 1.],
       [1., 1., 0., 0., 0.]]), array([2, 5, 6, 7, 8])), (array([[0., 1., 1., 0.],
       [0., 0., 0., 1.],
       [0., 0., 0., 1.],
       [1., 0., 0., 0.]]), array([2, 6, 7, 8])), (array([[0., 0., 1., 1., 0.],
       [0., 0., 0., 0., 1.],
       [0., 0., 0., 0., 1.],
       [0., 0., 0., 0., 1.],
       [1., 1., 0., 0., 0.]]), array([2, 5, 6, 7, 8])), (array([[0., 0., 1., 1., 0.],
       [0., 0., 0., 0., 1.],
       [0., 0., 0., 0., 1.],
       [0., 1., 0., 0., 0.],
       [1., 1., 0., 0., 0.]]), array([2, 5, 6, 7, 8])), (array([[0., 0., 1., 1., 0.],
       [0., 0., 0., 0., 1.],
       [0., 0., 0., 0., 1.],
       [0., 1., 0., 0., 0.],
       [1., 0., 0., 0., 0.]]), array([2, 5, 6, 7, 8])), (array([[0., 0., 1., 1., 0.],
       [0., 0., 0., 0., 1.],
       [0., 0., 0., 0., 1.],
       [0., 1., 0., 0., 1.],
       [1., 0., 0., 0., 0.]]), array([2, 5, 6, 7, 8])), (array([[0., 0., 1., 1., 0.],
       [1., 0., 0., 0., 0.],
       [0., 0., 0., 0., 1.],
       [0., 1., 0., 0., 1.],
       [1., 1., 0., 0., 0.]]), array([2, 5, 6, 7, 8])), (array([[0., 0., 1., 1., 0.],
       [1., 0., 0., 0., 0.],
       [0., 0., 0., 0., 1.],
       [0., 0., 0., 0., 1.],
       [1., 1., 0., 0., 0.]]), array([2, 5, 6, 7, 8])), (array([[0., 0., 1., 1., 0.],
       [1., 0., 0., 0., 0.],
       [0., 0., 0., 0., 1.],
       [0., 0., 0., 0., 1.],
       [0., 1., 0., 0., 0.]]), array([2, 5, 6, 7, 8])), (array([[0., 0., 1., 1., 0.],
       [1., 0., 0., 0., 0.],
       [0., 0., 0., 0., 1.],
       [0., 1., 0., 0., 0.],
       [1., 1., 0., 0., 0.]]), array([2, 5, 6, 7, 8])), (array([[0., 0., 1., 1., 0.],
       [1., 0., 0., 0., 0.],
       [0., 0., 0., 0., 1.],
       [0., 1., 0., 0., 0.],
       [0., 1., 0., 0., 0.]]), array([2, 5, 6, 7, 8])), (array([[0., 0., 1., 1., 0.],
       [1., 0., 0., 0., 0.],
       [0., 0., 0., 0., 1.],
       [0., 1., 0., 0., 0.],
       [1., 0., 0., 0., 0.]]), array([2, 5, 6, 7, 8])), (array([[0., 0., 1., 1., 0.],
       [1., 0., 0., 0., 0.],
       [0., 0., 0., 0., 1.],
       [0., 1., 0., 0., 1.],
       [0., 1., 0., 0., 0.]]), array([2, 5, 6, 7, 8])), (array([[0., 0., 1., 1., 0.],
       [1., 0., 0., 0., 0.],
       [0., 0., 0., 0., 1.],
       [0., 1., 0., 0., 1.],
       [1., 0., 0., 0., 0.]]), array([2, 5, 6, 7, 8])), (array([[0., 0., 1., 1., 0.],
       [1., 0., 0., 0., 1.],
       [0., 0., 0., 0., 1.],
       [0., 0., 0., 0., 1.],
       [1., 1., 0., 0., 0.]]), array([2, 5, 6, 7, 8])), (array([[0., 0., 1., 1., 0.],
       [1., 0., 0., 0., 1.],
       [0., 0., 0., 0., 1.],
       [0., 0., 0., 0., 1.],
       [0., 1., 0., 0., 0.]]), array([2, 5, 6, 7, 8])), (array([[0., 0., 1., 1., 0.],
       [1., 0., 0., 0., 1.],
       [0., 0., 0., 0., 1.],
       [0., 1., 0., 0., 0.],
       [1., 1., 0., 0., 0.]]), array([2, 5, 6, 7, 8])), (array([[0., 0., 1., 1., 0.],
       [1., 0., 0., 0., 1.],
       [0., 0., 0., 0., 1.],
       [0., 1., 0., 0., 0.],
       [0., 1., 0., 0., 0.]]), array([2, 5, 6, 7, 8])), (array([[0., 0., 1., 1., 0.],
       [1., 0., 0., 0., 1.],
       [0., 0., 0., 0., 1.],
       [0., 1., 0., 0., 0.],
       [1., 0., 0., 0., 0.]]), array([2, 5, 6, 7, 8])), (array([[0., 0., 1., 1., 0.],
       [1., 0., 0., 0., 1.],
       [0., 0., 0., 0., 1.],
       [0., 1., 0., 0., 1.],
       [0., 1., 0., 0., 0.]]), array([2, 5, 6, 7, 8])), (array([[0., 0., 1., 1., 0.],
       [1., 0., 0., 0., 1.],
       [0., 0., 0., 0., 1.],
       [0., 1., 0., 0., 1.],
       [1., 0., 0., 0., 0.]]), array([2, 5, 6, 7, 8])), (array([[0., 0., 1., 1., 1.],
       [0., 0., 0., 0., 1.],
       [0., 0., 0., 0., 1.],
       [0., 1., 0., 0., 1.],
       [1., 1., 0., 0., 0.]]), array([2, 5, 6, 7, 8])), (array([[0., 1., 1., 1.],
       [0., 0., 0., 1.],
       [0., 0., 0., 1.],
       [1., 0., 0., 0.]]), array([2, 6, 7, 8])), (array([[0., 0., 1., 1., 1.],
       [0., 0., 0., 0., 1.],
       [0., 0., 0., 0., 1.],
       [0., 0., 0., 0., 1.],
       [1., 1., 0., 0., 0.]]), array([2, 5, 6, 7, 8])), (array([[0., 0., 1., 1., 1.],
       [0., 0., 0., 0., 1.],
       [0., 0., 0., 0., 1.],
       [0., 1., 0., 0., 0.],
       [1., 1., 0., 0., 0.]]), array([2, 5, 6, 7, 8])), (array([[0., 0., 1., 1., 1.],
       [0., 0., 0., 0., 1.],
       [0., 0., 0., 0., 1.],
       [0., 1., 0., 0., 0.],
       [1., 0., 0., 0., 0.]]), array([2, 5, 6, 7, 8])), (array([[0., 0., 1., 1., 1.],
       [0., 0., 0., 0., 1.],
       [0., 0., 0., 0., 1.],
       [0., 1., 0., 0., 1.],
       [1., 0., 0., 0., 0.]]), array([2, 5, 6, 7, 8])), (array([[0., 0., 1., 1., 1.],
       [1., 0., 0., 0., 0.],
       [0., 0., 0., 0., 1.],
       [0., 1., 0., 0., 1.],
       [1., 1., 0., 0., 0.]]), array([2, 5, 6, 7, 8])), (array([[0., 0., 1., 1., 1.],
       [1., 0., 0., 0., 0.],
       [0., 0., 0., 0., 1.],
       [0., 0., 0., 0., 1.],
       [1., 1., 0., 0., 0.]]), array([2, 5, 6, 7, 8])), (array([[0., 0., 1., 1., 1.],
       [1., 0., 0., 0., 0.],
       [0., 0., 0., 0., 1.],
       [0., 0., 0., 0., 1.],
       [0., 1., 0., 0., 0.]]), array([2, 5, 6, 7, 8])), (array([[0., 0., 1., 1., 1.],
       [1., 0., 0., 0., 0.],
       [0., 0., 0., 0., 1.],
       [0., 1., 0., 0., 0.],
       [1., 1., 0., 0., 0.]]), array([2, 5, 6, 7, 8])), (array([[0., 0., 1., 1., 1.],
       [1., 0., 0., 0., 0.],
       [0., 0., 0., 0., 1.],
       [0., 1., 0., 0., 0.],
       [0., 1., 0., 0., 0.]]), array([2, 5, 6, 7, 8])), (array([[0., 0., 1., 1., 1.],
       [1., 0., 0., 0., 0.],
       [0., 0., 0., 0., 1.],
       [0., 1., 0., 0., 0.],
       [1., 0., 0., 0., 0.]]), array([2, 5, 6, 7, 8])), (array([[0., 0., 1., 1., 1.],
       [1., 0., 0., 0., 0.],
       [0., 0., 0., 0., 1.],
       [0., 1., 0., 0., 1.],
       [0., 1., 0., 0., 0.]]), array([2, 5, 6, 7, 8])), (array([[0., 0., 1., 1., 1.],
       [1., 0., 0., 0., 0.],
       [0., 0., 0., 0., 1.],
       [0., 1., 0., 0., 1.],
       [1., 0., 0., 0., 0.]]), array([2, 5, 6, 7, 8])), (array([[0., 0., 1., 1., 1.],
       [1., 0., 0., 0., 1.],
       [0., 0., 0., 0., 1.],
       [0., 0., 0., 0., 1.],
       [1., 1., 0., 0., 0.]]), array([2, 5, 6, 7, 8])), (array([[0., 0., 1., 1., 1.],
       [1., 0., 0., 0., 1.],
       [0., 0., 0., 0., 1.],
       [0., 0., 0., 0., 1.],
       [0., 1., 0., 0., 0.]]), array([2, 5, 6, 7, 8])), (array([[0., 0., 1., 1., 1.],
       [1., 0., 0., 0., 1.],
       [0., 0., 0., 0., 1.],
       [0., 1., 0., 0., 0.],
       [1., 1., 0., 0., 0.]]), array([2, 5, 6, 7, 8])), (array([[0., 0., 1., 1., 1.],
       [1., 0., 0., 0., 1.],
       [0., 0., 0., 0., 1.],
       [0., 1., 0., 0., 0.],
       [0., 1., 0., 0., 0.]]), array([2, 5, 6, 7, 8])), (array([[0., 0., 1., 1., 1.],
       [1., 0., 0., 0., 1.],
       [0., 0., 0., 0., 1.],
       [0., 1., 0., 0., 0.],
       [1., 0., 0., 0., 0.]]), array([2, 5, 6, 7, 8])), (array([[0., 0., 1., 1., 1.],
       [1., 0., 0., 0., 1.],
       [0., 0., 0., 0., 1.],
       [0., 1., 0., 0., 1.],
       [0., 1., 0., 0., 0.]]), array([2, 5, 6, 7, 8])), (array([[0., 0., 1., 1., 1.],
       [1., 0., 0., 0., 1.],
       [0., 0., 0., 0., 1.],
       [0., 1., 0., 0., 1.],
       [1., 0., 0., 0., 0.]]), array([2, 5, 6, 7, 8])), (array([[0., 0., 0., 1., 0.],
       [0., 0., 1., 0., 1.],
       [1., 0., 0., 0., 0.],
       [0., 1., 0., 0., 1.],
       [0., 1., 0., 1., 0.]]), array([0, 2, 4, 5, 8])), (array([[0., 0., 0., 1., 0.],
       [0., 0., 1., 0., 0.],
       [1., 0., 0., 0., 0.],
       [0., 1., 0., 0., 1.],
       [0., 1., 0., 1., 0.]]), array([0, 2, 4, 5, 8])), (array([[0., 0., 0., 1., 0.],
       [0., 0., 1., 0., 0.],
       [1., 0., 0., 0., 0.],
       [0., 0., 0., 0., 1.],
       [0., 1., 0., 1., 0.]]), array([0, 2, 4, 5, 8])), (array([[0., 0., 0., 1., 0.],
       [0., 0., 1., 0., 0.],
       [1., 0., 0., 0., 0.],
       [0., 0., 0., 0., 1.],
       [0., 1., 0., 0., 0.]]), array([0, 2, 4, 5, 8])), (array([[0., 0., 0., 1.],
       [0., 0., 1., 0.],
       [1., 0., 0., 0.],
       [0., 1., 0., 0.]]), array([0, 2, 4, 5])), (array([[0., 0., 0., 1., 0.],
       [0., 0., 1., 0., 0.],
       [1., 0., 0., 0., 0.],
       [0., 1., 0., 0., 1.],
       [0., 0., 0., 1., 0.]]), array([0, 2, 4, 5, 8])), (array([[0., 0., 0., 1., 0.],
       [0., 0., 1., 0., 0.],
       [1., 0., 0., 0., 0.],
       [0., 1., 0., 0., 1.],
       [0., 1., 0., 0., 0.]]), array([0, 2, 4, 5, 8])), (array([[0., 0., 0., 1., 0.],
       [0., 0., 1., 0., 1.],
       [1., 0., 0., 0., 0.],
       [0., 0., 0., 0., 1.],
       [0., 1., 0., 1., 0.]]), array([0, 2, 4, 5, 8])), (array([[0., 0., 0., 1., 0.],
       [0., 0., 1., 0., 1.],
       [1., 0., 0., 0., 0.],
       [0., 0., 0., 0., 1.],
       [0., 1., 0., 0., 0.]]), array([0, 2, 4, 5, 8])), (array([[0., 0., 0., 1., 0.],
       [0., 0., 1., 0., 1.],
       [1., 0., 0., 0., 0.],
       [0., 1., 0., 0., 0.],
       [0., 1., 0., 1., 0.]]), array([0, 2, 4, 5, 8])), (array([[0., 0., 0., 1., 0.],
       [0., 0., 1., 0., 1.],
       [1., 0., 0., 0., 0.],
       [0., 1., 0., 0., 0.],
       [0., 0., 0., 1., 0.]]), array([0, 2, 4, 5, 8])), (array([[0., 0., 0., 1., 0.],
       [0., 0., 1., 0., 1.],
       [1., 0., 0., 0., 0.],
       [0., 1., 0., 0., 0.],
       [0., 1., 0., 0., 0.]]), array([0, 2, 4, 5, 8])), (array([[0., 0., 0., 1., 0.],
       [0., 0., 1., 0., 1.],
       [1., 0., 0., 0., 0.],
       [0., 1., 0., 0., 1.],
       [0., 0., 0., 1., 0.]]), array([0, 2, 4, 5, 8])), (array([[0., 0., 0., 1., 0.],
       [0., 0., 1., 0., 1.],
       [1., 0., 0., 0., 0.],
       [0., 1., 0., 0., 1.],
       [0., 1., 0., 0., 0.]]), array([0, 2, 4, 5, 8])), (array([[0., 0., 0., 1., 0., 0.],
       [0., 0., 1., 0., 1., 0.],
       [1., 0., 0., 0., 0., 0.],
       [0., 0., 0., 0., 0., 1.],
       [0., 0., 0., 1., 0., 1.],
       [0., 1., 0., 1., 0., 0.]]), array([0, 2, 4, 5, 7, 8])), (array([[0., 0., 0., 1., 0., 0.],
       [0., 0., 1., 0., 1., 0.],
       [1., 0., 0., 0., 0., 0.],
       [0., 0., 0., 0., 0., 1.],
       [0., 0., 0., 0., 0., 1.],
       [0., 1., 0., 1., 0., 0.]]), array([0, 2, 4, 5, 7, 8])), (array([[0., 0., 0., 1., 0., 0.],
       [0., 0., 1., 0., 1., 0.],
       [1., 0., 0., 0., 0., 0.],
       [0., 0., 0., 0., 0., 1.],
       [0., 0., 0., 0., 0., 1.],
       [0., 1., 0., 0., 0., 0.]]), array([0, 2, 4, 5, 7, 8])), (array([[0., 0., 0., 1., 0., 0.],
       [0., 0., 1., 0., 1., 0.],
       [1., 0., 0., 0., 0., 0.],
       [0., 0., 0., 0., 0., 1.],
       [0., 0., 0., 1., 0., 0.],
       [0., 1., 0., 1., 0., 0.]]), array([0, 2, 4, 5, 7, 8])), (array([[0., 0., 0., 1., 0., 0.],
       [0., 0., 1., 0., 1., 0.],
       [1., 0., 0., 0., 0., 0.],
       [0., 0., 0., 0., 0., 1.],
       [0., 0., 0., 1., 0., 0.],
       [0., 1., 0., 0., 0., 0.]]), array([0, 2, 4, 5, 7, 8])), (array([[0., 0., 0., 1., 0., 0.],
       [0., 0., 1., 0., 1., 0.],
       [1., 0., 0., 0., 0., 0.],
       [0., 0., 0., 0., 0., 1.],
       [0., 0., 0., 1., 0., 1.],
       [0., 1., 0., 0., 0., 0.]]), array([0, 2, 4, 5, 7, 8])), (array([[0., 0., 0., 1., 0., 0.],
       [0., 0., 1., 0., 1., 0.],
       [1., 0., 0., 0., 0., 0.],
       [0., 1., 0., 0., 0., 0.],
       [0., 0., 0., 1., 0., 1.],
       [0., 1., 0., 1., 0., 0.]]), array([0, 2, 4, 5, 7, 8])), (array([[0., 0., 0., 1., 0., 0.],
       [0., 0., 1., 0., 1., 0.],
       [1., 0., 0., 0., 0., 0.],
       [0., 1., 0., 0., 0., 0.],
       [0., 0., 0., 0., 0., 1.],
       [0., 1., 0., 1., 0., 0.]]), array([0, 2, 4, 5, 7, 8])), (array([[0., 0., 0., 1., 0., 0.],
       [0., 0., 1., 0., 1., 0.],
       [1., 0., 0., 0., 0., 0.],
       [0., 1., 0., 0., 0., 0.],
       [0., 0., 0., 0., 0., 1.],
       [0., 0., 0., 1., 0., 0.]]), array([0, 2, 4, 5, 7, 8])), (array([[0., 0., 0., 1., 0., 0.],
       [0., 0., 1., 0., 1., 0.],
       [1., 0., 0., 0., 0., 0.],
       [0., 1., 0., 0., 0., 0.],
       [0., 0., 0., 0., 0., 1.],
       [0., 1., 0., 0., 0., 0.]]), array([0, 2, 4, 5, 7, 8])), (array([[0., 0., 0., 1., 0.],
       [0., 0., 1., 0., 1.],
       [1., 0., 0., 0., 0.],
       [0., 1., 0., 0., 0.],
       [0., 0., 0., 1., 0.]]), array([0, 2, 4, 5, 7])), (array([[0., 0., 0., 1., 0., 0.],
       [0., 0., 1., 0., 1., 0.],
       [1., 0., 0., 0., 0., 0.],
       [0., 1., 0., 0., 0., 0.],
       [0., 0., 0., 1., 0., 1.],
       [0., 0., 0., 1., 0., 0.]]), array([0, 2, 4, 5, 7, 8])), (array([[0., 0., 0., 1., 0., 0.],
       [0., 0., 1., 0., 1., 0.],
       [1., 0., 0., 0., 0., 0.],
       [0., 1., 0., 0., 0., 0.],
       [0., 0., 0., 1., 0., 1.],
       [0., 1., 0., 0., 0., 0.]]), array([0, 2, 4, 5, 7, 8])), (array([[0., 0., 0., 1., 0., 0.],
       [0., 0., 1., 0., 1., 0.],
       [1., 0., 0., 0., 0., 0.],
       [0., 1., 0., 0., 0., 1.],
       [0., 0., 0., 0., 0., 1.],
       [0., 1., 0., 1., 0., 0.]]), array([0, 2, 4, 5, 7, 8])), (array([[0., 0., 0., 1., 0., 0.],
       [0., 0., 1., 0., 1., 0.],
       [1., 0., 0., 0., 0., 0.],
       [0., 1., 0., 0., 0., 1.],
       [0., 0., 0., 0., 0., 1.],
       [0., 0., 0., 1., 0., 0.]]), array([0, 2, 4, 5, 7, 8])), (array([[0., 0., 0., 1., 0., 0.],
       [0., 0., 1., 0., 1., 0.],
       [1., 0., 0., 0., 0., 0.],
       [0., 1., 0., 0., 0., 1.],
       [0., 0., 0., 0., 0., 1.],
       [0., 1., 0., 0., 0., 0.]]), array([0, 2, 4, 5, 7, 8])), (array([[0., 0., 0., 1., 0., 0.],
       [0., 0., 1., 0., 1., 0.],
       [1., 0., 0., 0., 0., 0.],
       [0., 1., 0., 0., 0., 1.],
       [0., 0., 0., 1., 0., 0.],
       [0., 1., 0., 1., 0., 0.]]), array([0, 2, 4, 5, 7, 8])), (array([[0., 0., 0., 1., 0., 0.],
       [0., 0., 1., 0., 1., 0.],
       [1., 0., 0., 0., 0., 0.],
       [0., 1., 0., 0., 0., 1.],
       [0., 0., 0., 1., 0., 0.],
       [0., 0., 0., 1., 0., 0.]]), array([0, 2, 4, 5, 7, 8])), (array([[0., 0., 0., 1., 0., 0.],
       [0., 0., 1., 0., 1., 0.],
       [1., 0., 0., 0., 0., 0.],
       [0., 1., 0., 0., 0., 1.],
       [0., 0., 0., 1., 0., 0.],
       [0., 1., 0., 0., 0., 0.]]), array([0, 2, 4, 5, 7, 8])), (array([[0., 0., 0., 1., 0., 0.],
       [0., 0., 1., 0., 1., 0.],
       [1., 0., 0., 0., 0., 0.],
       [0., 1., 0., 0., 0., 1.],
       [0., 0., 0., 1., 0., 1.],
       [0., 0., 0., 1., 0., 0.]]), array([0, 2, 4, 5, 7, 8])), (array([[0., 0., 0., 1., 0., 0.],
       [0., 0., 1., 0., 1., 0.],
       [1., 0., 0., 0., 0., 0.],
       [0., 1., 0., 0., 0., 1.],
       [0., 0., 0., 1., 0., 1.],
       [0., 1., 0., 0., 0., 0.]]), array([0, 2, 4, 5, 7, 8])), (array([[0., 0., 0., 1., 0., 0.],
       [0., 0., 1., 0., 1., 1.],
       [1., 0., 0., 0., 0., 0.],
       [0., 0., 0., 0., 0., 1.],
       [0., 0., 0., 0., 0., 1.],
       [0., 1., 0., 1., 0., 0.]]), array([0, 2, 4, 5, 7, 8])), (array([[0., 0., 0., 1., 0., 0.],
       [0., 0., 1., 0., 1., 1.],
       [1., 0., 0., 0., 0., 0.],
       [0., 0., 0., 0., 0., 1.],
       [0., 0., 0., 0., 0., 1.],
       [0., 1., 0., 0., 0., 0.]]), array([0, 2, 4, 5, 7, 8])), (array([[0., 0., 0., 1., 0., 0.],
       [0., 0., 1., 0., 1., 1.],
       [1., 0., 0., 0., 0., 0.],
       [0., 0., 0., 0., 0., 1.],
       [0., 0., 0., 1., 0., 0.],
       [0., 1., 0., 1., 0., 0.]]), array([0, 2, 4, 5, 7, 8])), (array([[0., 0., 0., 1., 0., 0.],
       [0., 0., 1., 0., 1., 1.],
       [1., 0., 0., 0., 0., 0.],
       [0., 0., 0., 0., 0., 1.],
       [0., 0., 0., 1., 0., 0.],
       [0., 1., 0., 0., 0., 0.]]), array([0, 2, 4, 5, 7, 8])), (array([[0., 0., 0., 1., 0., 0.],
       [0., 0., 1., 0., 1., 1.],
       [1., 0., 0., 0., 0., 0.],
       [0., 0., 0., 0., 0., 1.],
       [0., 0., 0., 1., 0., 1.],
       [0., 1., 0., 0., 0., 0.]]), array([0, 2, 4, 5, 7, 8])), (array([[0., 0., 0., 1., 0., 0.],
       [0., 0., 1., 0., 1., 1.],
       [1., 0., 0., 0., 0., 0.],
       [0., 1., 0., 0., 0., 0.],
       [0., 0., 0., 0., 0., 1.],
       [0., 1., 0., 1., 0., 0.]]), array([0, 2, 4, 5, 7, 8])), (array([[0., 0., 0., 1., 0., 0.],
       [0., 0., 1., 0., 1., 1.],
       [1., 0., 0., 0., 0., 0.],
       [0., 1., 0., 0., 0., 0.],
       [0., 0., 0., 0., 0., 1.],
       [0., 0., 0., 1., 0., 0.]]), array([0, 2, 4, 5, 7, 8])), (array([[0., 0., 0., 1., 0., 0.],
       [0., 0., 1., 0., 1., 1.],
       [1., 0., 0., 0., 0., 0.],
       [0., 1., 0., 0., 0., 0.],
       [0., 0., 0., 0., 0., 1.],
       [0., 1., 0., 0., 0., 0.]]), array([0, 2, 4, 5, 7, 8])), (array([[0., 0., 0., 1., 0., 0.],
       [0., 0., 1., 0., 1., 1.],
       [1., 0., 0., 0., 0., 0.],
       [0., 1., 0., 0., 0., 0.],
       [0., 0., 0., 1., 0., 0.],
       [0., 1., 0., 1., 0., 0.]]), array([0, 2, 4, 5, 7, 8])), (array([[0., 0., 0., 1., 0., 0.],
       [0., 0., 1., 0., 1., 1.],
       [1., 0., 0., 0., 0., 0.],
       [0., 1., 0., 0., 0., 0.],
       [0., 0., 0., 1., 0., 0.],
       [0., 0., 0., 1., 0., 0.]]), array([0, 2, 4, 5, 7, 8])), (array([[0., 0., 0., 1., 0., 0.],
       [0., 0., 1., 0., 1., 1.],
       [1., 0., 0., 0., 0., 0.],
       [0., 1., 0., 0., 0., 0.],
       [0., 0., 0., 1., 0., 0.],
       [0., 1., 0., 0., 0., 0.]]), array([0, 2, 4, 5, 7, 8])), (array([[0., 0., 0., 1., 0., 0.],
       [0., 0., 1., 0., 1., 1.],
       [1., 0., 0., 0., 0., 0.],
       [0., 1., 0., 0., 0., 0.],
       [0., 0., 0., 1., 0., 1.],
       [0., 0., 0., 1., 0., 0.]]), array([0, 2, 4, 5, 7, 8])), (array([[0., 0., 0., 1., 0., 0.],
       [0., 0., 1., 0., 1., 1.],
       [1., 0., 0., 0., 0., 0.],
       [0., 1., 0., 0., 0., 0.],
       [0., 0., 0., 1., 0., 1.],
       [0., 1., 0., 0., 0., 0.]]), array([0, 2, 4, 5, 7, 8])), (array([[0., 0., 0., 1., 0., 0.],
       [0., 0., 1., 0., 1., 1.],
       [1., 0., 0., 0., 0., 0.],
       [0., 1., 0., 0., 0., 1.],
       [0., 0., 0., 0., 0., 1.],
       [0., 0., 0., 1., 0., 0.]]), array([0, 2, 4, 5, 7, 8])), (array([[0., 0., 0., 1., 0., 0.],
       [0., 0., 1., 0., 1., 1.],
       [1., 0., 0., 0., 0., 0.],
       [0., 1., 0., 0., 0., 1.],
       [0., 0., 0., 0., 0., 1.],
       [0., 1., 0., 0., 0., 0.]]), array([0, 2, 4, 5, 7, 8])), (array([[0., 0., 0., 1., 0., 0.],
       [0., 0., 1., 0., 1., 1.],
       [1., 0., 0., 0., 0., 0.],
       [0., 1., 0., 0., 0., 1.],
       [0., 0., 0., 1., 0., 0.],
       [0., 0., 0., 1., 0., 0.]]), array([0, 2, 4, 5, 7, 8])), (array([[0., 0., 0., 1., 0., 0.],
       [0., 0., 1., 0., 1., 1.],
       [1., 0., 0., 0., 0., 0.],
       [0., 1., 0., 0., 0., 1.],
       [0., 0., 0., 1., 0., 0.],
       [0., 1., 0., 0., 0., 0.]]), array([0, 2, 4, 5, 7, 8])), (array([[0., 0., 0., 1., 0., 0.],
       [0., 0., 1., 0., 1., 0.],
       [1., 0., 0., 0., 0., 0.],
       [0., 1., 0., 0., 0., 1.],
       [0., 0., 0., 0., 0., 1.],
       [0., 1., 0., 1., 0., 0.]]), array([0, 2, 4, 5, 6, 8])), (array([[0., 0., 0., 1., 0., 0.],
       [0., 0., 1., 0., 1., 0.],
       [1., 0., 0., 0., 0., 0.],
       [0., 0., 0., 0., 0., 1.],
       [0., 0., 0., 0., 0., 1.],
       [0., 1., 0., 1., 0., 0.]]), array([0, 2, 4, 5, 6, 8])), (array([[0., 0., 0., 1., 0., 0.],
       [0., 0., 1., 0., 1., 0.],
       [1., 0., 0., 0., 0., 0.],
       [0., 0., 0., 0., 0., 1.],
       [0., 0., 0., 0., 0., 1.],
       [0., 1., 0., 0., 0., 0.]]), array([0, 2, 4, 5, 6, 8])), (array([[0., 0., 0., 1., 0., 0.],
       [0., 0., 1., 0., 1., 0.],
       [1., 0., 0., 0., 0., 0.],
       [0., 1., 0., 0., 0., 0.],
       [0., 0., 0., 0., 0., 1.],
       [0., 1., 0., 1., 0., 0.]]), array([0, 2, 4, 5, 6, 8])), (array([[0., 0., 0., 1., 0., 0.],
       [0., 0., 1., 0., 1., 0.],
       [1., 0., 0., 0., 0., 0.],
       [0., 1., 0., 0., 0., 0.],
       [0., 0., 0., 0., 0., 1.],
       [0., 0., 0., 1., 0., 0.]]), array([0, 2, 4, 5, 6, 8])), (array([[0., 0., 0., 1., 0., 0.],
       [0., 0., 1., 0., 1., 0.],
       [1., 0., 0., 0., 0., 0.],
       [0., 1., 0., 0., 0., 0.],
       [0., 0., 0., 0., 0., 1.],
       [0., 1., 0., 0., 0., 0.]]), array([0, 2, 4, 5, 6, 8])), (array([[0., 0., 0., 1., 0., 0.],
       [0., 0., 1., 0., 1., 0.],
       [1., 0., 0., 0., 0., 0.],
       [0., 1., 0., 0., 0., 1.],
       [0., 0., 0., 0., 0., 1.],
       [0., 0., 0., 1., 0., 0.]]), array([0, 2, 4, 5, 6, 8])), (array([[0., 0., 0., 1., 0., 0.],
       [0., 0., 1., 0., 1., 0.],
       [1., 0., 0., 0., 0., 0.],
       [0., 1., 0., 0., 0., 1.],
       [0., 0., 0., 0., 0., 1.],
       [0., 1., 0., 0., 0., 0.]]), array([0, 2, 4, 5, 6, 8])), (array([[0., 0., 0., 1., 0., 0.],
       [0., 0., 1., 0., 1., 1.],
       [1., 0., 0., 0., 0., 0.],
       [0., 0., 0., 0., 0., 1.],
       [0., 0., 0., 0., 0., 1.],
       [0., 1., 0., 1., 0., 0.]]), array([0, 2, 4, 5, 6, 8])), (array([[0., 0., 0., 1., 0., 0.],
       [0., 0., 1., 0., 1., 1.],
       [1., 0., 0., 0., 0., 0.],
       [0., 0., 0., 0., 0., 1.],
       [0., 0., 0., 0., 0., 1.],
       [0., 1., 0., 0., 0., 0.]]), array([0, 2, 4, 5, 6, 8])), (array([[0., 0., 0., 1., 0., 0.],
       [0., 0., 1., 0., 1., 1.],
       [1., 0., 0., 0., 0., 0.],
       [0., 1., 0., 0., 0., 0.],
       [0., 0., 0., 0., 0., 1.],
       [0., 1., 0., 1., 0., 0.]]), array([0, 2, 4, 5, 6, 8])), (array([[0., 0., 0., 1., 0., 0.],
       [0., 0., 1., 0., 1., 1.],
       [1., 0., 0., 0., 0., 0.],
       [0., 1., 0., 0., 0., 0.],
       [0., 0., 0., 0., 0., 1.],
       [0., 0., 0., 1., 0., 0.]]), array([0, 2, 4, 5, 6, 8])), (array([[0., 0., 0., 1., 0., 0.],
       [0., 0., 1., 0., 1., 1.],
       [1., 0., 0., 0., 0., 0.],
       [0., 1., 0., 0., 0., 0.],
       [0., 0., 0., 0., 0., 1.],
       [0., 1., 0., 0., 0., 0.]]), array([0, 2, 4, 5, 6, 8])), (array([[0., 0., 0., 1., 0., 0.],
       [0., 0., 1., 0., 1., 1.],
       [1., 0., 0., 0., 0., 0.],
       [0., 1., 0., 0., 0., 1.],
       [0., 0., 0., 0., 0., 1.],
       [0., 0., 0., 1., 0., 0.]]), array([0, 2, 4, 5, 6, 8])), (array([[0., 0., 0., 1., 0., 0.],
       [0., 0., 1., 0., 1., 1.],
       [1., 0., 0., 0., 0., 0.],
       [0., 1., 0., 0., 0., 1.],
       [0., 0., 0., 0., 0., 1.],
       [0., 1., 0., 0., 0., 0.]]), array([0, 2, 4, 5, 6, 8])), (array([[0., 0., 0., 1., 0., 0., 0.],
       [0., 0., 1., 0., 1., 1., 0.],
       [1., 0., 0., 0., 0., 0., 0.],
       [0., 0., 0., 0., 0., 0., 1.],
       [0., 0., 0., 0., 0., 0., 1.],
       [0., 0., 0., 0., 0., 0., 1.],
       [0., 1., 0., 0., 0., 0., 0.]]), array([0, 2, 4, 5, 6, 7, 8])), (array([[0., 0., 0., 1., 0., 0., 0.],
       [0., 0., 1., 0., 1., 1., 0.],
       [1., 0., 0., 0., 0., 0., 0.],
       [0., 0., 0., 0., 0., 0., 1.],
       [0., 0., 0., 0., 0., 0., 1.],
       [0., 0., 0., 1., 0., 0., 0.],
       [0., 1., 0., 0., 0., 0., 0.]]), array([0, 2, 4, 5, 6, 7, 8])), (array([[0., 0., 0., 1., 0., 0., 0.],
       [0., 0., 1., 0., 1., 1., 0.],
       [1., 0., 0., 0., 0., 0., 0.],
       [0., 1., 0., 0., 0., 0., 0.],
       [0., 0., 0., 0., 0., 0., 1.],
       [0., 0., 0., 0., 0., 0., 1.],
       [0., 0., 0., 1., 0., 0., 0.]]), array([0, 2, 4, 5, 6, 7, 8])), (array([[0., 0., 0., 1., 0., 0., 0.],
       [0., 0., 1., 0., 1., 1., 0.],
       [1., 0., 0., 0., 0., 0., 0.],
       [0., 1., 0., 0., 0., 0., 0.],
       [0., 0., 0., 0., 0., 0., 1.],
       [0., 0., 0., 0., 0., 0., 1.],
       [0., 1., 0., 0., 0., 0., 0.]]), array([0, 2, 4, 5, 6, 7, 8])), (array([[0., 0., 0., 1., 0., 0., 0.],
       [0., 0., 1., 0., 1., 1., 0.],
       [1., 0., 0., 0., 0., 0., 0.],
       [0., 1., 0., 0., 0., 0., 0.],
       [0., 0., 0., 0., 0., 0., 1.],
       [0., 0., 0., 1., 0., 0., 0.],
       [0., 0., 0., 1., 0., 0., 0.]]), array([0, 2, 4, 5, 6, 7, 8])), (array([[0., 0., 0., 1., 0., 0., 0.],
       [0., 0., 1., 0., 1., 1., 0.],
       [1., 0., 0., 0., 0., 0., 0.],
       [0., 1., 0., 0., 0., 0., 0.],
       [0., 0., 0., 0., 0., 0., 1.],
       [0., 0., 0., 1., 0., 0., 0.],
       [0., 1., 0., 0., 0., 0., 0.]]), array([0, 2, 4, 5, 6, 7, 8])), (array([[0., 1., 0., 0., 0.],
       [0., 0., 1., 0., 1.],
       [1., 0., 0., 0., 0.],
       [0., 1., 0., 0., 1.],
       [0., 1., 0., 1., 0.]]), array([0, 2, 4, 5, 8])), (array([[0., 1., 0., 0., 0.],
       [0., 0., 1., 0., 0.],
       [1., 0., 0., 0., 0.],
       [0., 1., 0., 0., 1.],
       [0., 1., 0., 1., 0.]]), array([0, 2, 4, 5, 8])), (array([[0., 1., 0., 0., 0.],
       [0., 0., 1., 0., 0.],
       [1., 0., 0., 0., 0.],
       [0., 0., 0., 0., 1.],
       [0., 1., 0., 1., 0.]]), array([0, 2, 4, 5, 8])), (array([[0., 1., 0.],
       [0., 0., 1.],
       [1., 0., 0.]]), array([0, 2, 4])), (array([[0., 1., 0., 0., 0.],
       [0., 0., 1., 0., 0.],
       [1., 0., 0., 0., 0.],
       [0., 0., 0., 0., 1.],
       [0., 0., 0., 1., 0.]]), array([0, 2, 4, 5, 8])), (array([[0., 1., 0., 0., 0.],
       [0., 0., 1., 0., 0.],
       [1., 0., 0., 0., 0.],
       [0., 1., 0., 0., 1.],
       [0., 0., 0., 1., 0.]]), array([0, 2, 4, 5, 8])), (array([[0., 1., 0., 0., 0.],
       [0., 0., 1., 0., 1.],
       [1., 0., 0., 0., 0.],
       [0., 0., 0., 0., 1.],
       [0., 1., 0., 1., 0.]]), array([0, 2, 4, 5, 8])), (array([[0., 1., 0., 0.],
       [0., 0., 1., 1.],
       [1., 0., 0., 0.],
       [0., 1., 0., 0.]]), array([0, 2, 4, 8])), (array([[0., 1., 0., 0., 0.],
       [0., 0., 1., 0., 1.],
       [1., 0., 0., 0., 0.],
       [0., 0., 0., 0., 1.],
       [0., 0., 0., 1., 0.]]), array([0, 2, 4, 5, 8])), (array([[0., 1., 0., 0., 0.],
       [0., 0., 1., 0., 1.],
       [1., 0., 0., 0., 0.],
       [0., 1., 0., 0., 0.],
       [0., 1., 0., 1., 0.]]), array([0, 2, 4, 5, 8])), (array([[0., 1., 0., 0., 0.],
       [0., 0., 1., 0., 1.],
       [1., 0., 0., 0., 0.],
       [0., 1., 0., 0., 0.],
       [0., 0., 0., 1., 0.]]), array([0, 2, 4, 5, 8])), (array([[0., 1., 0., 0., 0.],
       [0., 0., 1., 0., 1.],
       [1., 0., 0., 0., 0.],
       [0., 1., 0., 0., 1.],
       [0., 0., 0., 1., 0.]]), array([0, 2, 4, 5, 8])), (array([[0., 1., 0., 0., 0., 0.],
       [0., 0., 1., 0., 1., 0.],
       [1., 0., 0., 0., 0., 0.],
       [0., 0., 0., 0., 0., 1.],
       [0., 0., 0., 1., 0., 1.],
       [0., 1., 0., 1., 0., 0.]]), array([0, 2, 4, 5, 7, 8])), (array([[0., 1., 0., 0., 0.],
       [0., 0., 1., 1., 0.],
       [1., 0., 0., 0., 0.],
       [0., 0., 0., 0., 1.],
       [0., 1., 0., 0., 0.]]), array([0, 2, 4, 7, 8])), (array([[0., 1., 0., 0., 0., 0.],
       [0., 0., 1., 0., 1., 0.],
       [1., 0., 0., 0., 0., 0.],
       [0., 0., 0., 0., 0., 1.],
       [0., 0., 0., 0., 0., 1.],
       [0., 1., 0., 1., 0., 0.]]), array([0, 2, 4, 5, 7, 8])), (array([[0., 1., 0., 0., 0., 0.],
       [0., 0., 1., 0., 1., 0.],
       [1., 0., 0., 0., 0., 0.],
       [0., 0., 0., 0., 0., 1.],
       [0., 0., 0., 0., 0., 1.],
       [0., 0., 0., 1., 0., 0.]]), array([0, 2, 4, 5, 7, 8])), (array([[0., 1., 0., 0., 0., 0.],
       [0., 0., 1., 0., 1., 0.],
       [1., 0., 0., 0., 0., 0.],
       [0., 0., 0., 0., 0., 1.],
       [0., 0., 0., 1., 0., 0.],
       [0., 1., 0., 1., 0., 0.]]), array([0, 2, 4, 5, 7, 8])), (array([[0., 1., 0., 0., 0., 0.],
       [0., 0., 1., 0., 1., 0.],
       [1., 0., 0., 0., 0., 0.],
       [0., 0., 0., 0., 0., 1.],
       [0., 0., 0., 1., 0., 0.],
       [0., 0., 0., 1., 0., 0.]]), array([0, 2, 4, 5, 7, 8])), (array([[0., 1., 0., 0., 0., 0.],
       [0., 0., 1., 0., 1., 0.],
       [1., 0., 0., 0., 0., 0.],
       [0., 0., 0., 0., 0., 1.],
       [0., 0., 0., 1., 0., 0.],
       [0., 1., 0., 0., 0., 0.]]), array([0, 2, 4, 5, 7, 8])), (array([[0., 1., 0., 0., 0., 0.],
       [0., 0., 1., 0., 1., 0.],
       [1., 0., 0., 0., 0., 0.],
       [0., 0., 0., 0., 0., 1.],
       [0., 0., 0., 1., 0., 1.],
       [0., 0., 0., 1., 0., 0.]]), array([0, 2, 4, 5, 7, 8])), (array([[0., 1., 0., 0., 0., 0.],
       [0., 0., 1., 0., 1., 0.],
       [1., 0., 0., 0., 0., 0.],
       [0., 0., 0., 0., 0., 1.],
       [0., 0., 0., 1., 0., 1.],
       [0., 1., 0., 0., 0., 0.]]), array([0, 2, 4, 5, 7, 8])), (array([[0., 1., 0., 0., 0., 0.],
       [0., 0., 1., 0., 1., 0.],
       [1., 0., 0., 0., 0., 0.],
       [0., 1., 0., 0., 0., 0.],
       [0., 0., 0., 1., 0., 1.],
       [0., 1., 0., 1., 0., 0.]]), array([0, 2, 4, 5, 7, 8])), (array([[0., 1., 0., 0., 0., 0.],
       [0., 0., 1., 0., 1., 0.],
       [1., 0., 0., 0., 0., 0.],
       [0., 1., 0., 0., 0., 0.],
       [0., 0., 0., 0., 0., 1.],
       [0., 1., 0., 1., 0., 0.]]), array([0, 2, 4, 5, 7, 8])), (array([[0., 1., 0., 0., 0., 0.],
       [0., 0., 1., 0., 1., 0.],
       [1., 0., 0., 0., 0., 0.],
       [0., 1., 0., 0., 0., 0.],
       [0., 0., 0., 0., 0., 1.],
       [0., 0., 0., 1., 0., 0.]]), array([0, 2, 4, 5, 7, 8])), (array([[0., 1., 0., 0., 0.],
       [0., 0., 1., 0., 1.],
       [1., 0., 0., 0., 0.],
       [0., 1., 0., 0., 0.],
       [0., 0., 0., 1., 0.]]), array([0, 2, 4, 5, 7])), (array([[0., 1., 0., 0., 0., 0.],
       [0., 0., 1., 0., 1., 0.],
       [1., 0., 0., 0., 0., 0.],
       [0., 1., 0., 0., 0., 0.],
       [0., 0., 0., 1., 0., 1.],
       [0., 0., 0., 1., 0., 0.]]), array([0, 2, 4, 5, 7, 8])), (array([[0., 1., 0., 0., 0., 0.],
       [0., 0., 1., 0., 1., 0.],
       [1., 0., 0., 0., 0., 0.],
       [0., 1., 0., 0., 0., 0.],
       [0., 0., 0., 1., 0., 1.],
       [0., 1., 0., 0., 0., 0.]]), array([0, 2, 4, 5, 7, 8])), (array([[0., 1., 0., 0., 0., 0.],
       [0., 0., 1., 0., 1., 0.],
       [1., 0., 0., 0., 0., 0.],
       [0., 1., 0., 0., 0., 1.],
       [0., 0., 0., 0., 0., 1.],
       [0., 1., 0., 1., 0., 0.]]), array([0, 2, 4, 5, 7, 8])), (array([[0., 1., 0., 0., 0., 0.],
       [0., 0., 1., 0., 1., 0.],
       [1., 0., 0., 0., 0., 0.],
       [0., 1., 0., 0., 0., 1.],
       [0., 0., 0., 0., 0., 1.],
       [0., 0., 0., 1., 0., 0.]]), array([0, 2, 4, 5, 7, 8])), (array([[0., 1., 0., 0., 0., 0.],
       [0., 0., 1., 0., 1., 0.],
       [1., 0., 0., 0., 0., 0.],
       [0., 1., 0., 0., 0., 1.],
       [0., 0., 0., 1., 0., 0.],
       [0., 1., 0., 1., 0., 0.]]), array([0, 2, 4, 5, 7, 8])), (array([[0., 1., 0., 0., 0., 0.],
       [0., 0., 1., 0., 1., 0.],
       [1., 0., 0., 0., 0., 0.],
       [0., 1., 0., 0., 0., 1.],
       [0., 0., 0., 1., 0., 0.],
       [0., 0., 0., 1., 0., 0.]]), array([0, 2, 4, 5, 7, 8])), (array([[0., 1., 0., 0., 0., 0.],
       [0., 0., 1., 0., 1., 0.],
       [1., 0., 0., 0., 0., 0.],
       [0., 1., 0., 0., 0., 1.],
       [0., 0., 0., 1., 0., 0.],
       [0., 1., 0., 0., 0., 0.]]), array([0, 2, 4, 5, 7, 8])), (array([[0., 1., 0., 0., 0., 0.],
       [0., 0., 1., 0., 1., 0.],
       [1., 0., 0., 0., 0., 0.],
       [0., 1., 0., 0., 0., 1.],
       [0., 0., 0., 1., 0., 1.],
       [0., 0., 0., 1., 0., 0.]]), array([0, 2, 4, 5, 7, 8])), (array([[0., 1., 0., 0., 0., 0.],
       [0., 0., 1., 0., 1., 0.],
       [1., 0., 0., 0., 0., 0.],
       [0., 1., 0., 0., 0., 1.],
       [0., 0., 0., 1., 0., 1.],
       [0., 1., 0., 0., 0., 0.]]), array([0, 2, 4, 5, 7, 8])), (array([[0., 1., 0., 0., 0.],
       [0., 0., 1., 1., 1.],
       [1., 0., 0., 0., 0.],
       [0., 0., 0., 0., 1.],
       [0., 1., 0., 0., 0.]]), array([0, 2, 4, 7, 8])), (array([[0., 1., 0., 0., 0., 0.],
       [0., 0., 1., 0., 1., 1.],
       [1., 0., 0., 0., 0., 0.],
       [0., 0., 0., 0., 0., 1.],
       [0., 0., 0., 0., 0., 1.],
       [0., 1., 0., 1., 0., 0.]]), array([0, 2, 4, 5, 7, 8])), (array([[0., 1., 0., 0., 0., 0.],
       [0., 0., 1., 0., 1., 1.],
       [1., 0., 0., 0., 0., 0.],
       [0., 0., 0., 0., 0., 1.],
       [0., 0., 0., 0., 0., 1.],
       [0., 0., 0., 1., 0., 0.]]), array([0, 2, 4, 5, 7, 8])), (array([[0., 1., 0., 0., 0., 0.],
       [0., 0., 1., 0., 1., 1.],
       [1., 0., 0., 0., 0., 0.],
       [0., 0., 0., 0., 0., 1.],
       [0., 0., 0., 1., 0., 0.],
       [0., 1., 0., 1., 0., 0.]]), array([0, 2, 4, 5, 7, 8])), (array([[0., 1., 0., 0., 0., 0.],
       [0., 0., 1., 0., 1., 1.],
       [1., 0., 0., 0., 0., 0.],
       [0., 0., 0., 0., 0., 1.],
       [0., 0., 0., 1., 0., 0.],
       [0., 0., 0., 1., 0., 0.]]), array([0, 2, 4, 5, 7, 8])), (array([[0., 1., 0., 0., 0., 0.],
       [0., 0., 1., 0., 1., 1.],
       [1., 0., 0., 0., 0., 0.],
       [0., 0., 0., 0., 0., 1.],
       [0., 0., 0., 1., 0., 0.],
       [0., 1., 0., 0., 0., 0.]]), array([0, 2, 4, 5, 7, 8])), (array([[0., 1., 0., 0., 0., 0.],
       [0., 0., 1., 0., 1., 1.],
       [1., 0., 0., 0., 0., 0.],
       [0., 0., 0., 0., 0., 1.],
       [0., 0., 0., 1., 0., 1.],
       [0., 0., 0., 1., 0., 0.]]), array([0, 2, 4, 5, 7, 8])), (array([[0., 1., 0., 0., 0., 0.],
       [0., 0., 1., 0., 1., 1.],
       [1., 0., 0., 0., 0., 0.],
       [0., 0., 0., 0., 0., 1.],
       [0., 0., 0., 1., 0., 1.],
       [0., 1., 0., 0., 0., 0.]]), array([0, 2, 4, 5, 7, 8])), (array([[0., 1., 0., 0., 0., 0.],
       [0., 0., 1., 0., 1., 1.],
       [1., 0., 0., 0., 0., 0.],
       [0., 1., 0., 0., 0., 0.],
       [0., 0., 0., 0., 0., 1.],
       [0., 1., 0., 1., 0., 0.]]), array([0, 2, 4, 5, 7, 8])), (array([[0., 1., 0., 0., 0., 0.],
       [0., 0., 1., 0., 1., 1.],
       [1., 0., 0., 0., 0., 0.],
       [0., 1., 0., 0., 0., 0.],
       [0., 0., 0., 0., 0., 1.],
       [0., 0., 0., 1., 0., 0.]]), array([0, 2, 4, 5, 7, 8])), (array([[0., 1., 0., 0., 0., 0.],
       [0., 0., 1., 0., 1., 1.],
       [1., 0., 0., 0., 0., 0.],
       [0., 1., 0., 0., 0., 0.],
       [0., 0., 0., 1., 0., 0.],
       [0., 1., 0., 1., 0., 0.]]), array([0, 2, 4, 5, 7, 8])), (array([[0., 1., 0., 0., 0., 0.],
       [0., 0., 1., 0., 1., 1.],
       [1., 0., 0., 0., 0., 0.],
       [0., 1., 0., 0., 0., 0.],
       [0., 0., 0., 1., 0., 0.],
       [0., 0., 0., 1., 0., 0.]]), array([0, 2, 4, 5, 7, 8])), (array([[0., 1., 0., 0., 0., 0.],
       [0., 0., 1., 0., 1., 1.],
       [1., 0., 0., 0., 0., 0.],
       [0., 1., 0., 0., 0., 0.],
       [0., 0., 0., 1., 0., 0.],
       [0., 1., 0., 0., 0., 0.]]), array([0, 2, 4, 5, 7, 8])), (array([[0., 1., 0., 0., 0., 0.],
       [0., 0., 1., 0., 1., 1.],
       [1., 0., 0., 0., 0., 0.],
       [0., 1., 0., 0., 0., 0.],
       [0., 0., 0., 1., 0., 1.],
       [0., 0., 0., 1., 0., 0.]]), array([0, 2, 4, 5, 7, 8])), (array([[0., 1., 0., 0., 0., 0.],
       [0., 0., 1., 0., 1., 1.],
       [1., 0., 0., 0., 0., 0.],
       [0., 1., 0., 0., 0., 0.],
       [0., 0., 0., 1., 0., 1.],
       [0., 1., 0., 0., 0., 0.]]), array([0, 2, 4, 5, 7, 8])), (array([[0., 1., 0., 0., 0., 0.],
       [0., 0., 1., 0., 1., 1.],
       [1., 0., 0., 0., 0., 0.],
       [0., 1., 0., 0., 0., 1.],
       [0., 0., 0., 0., 0., 1.],
       [0., 0., 0., 1., 0., 0.]]), array([0, 2, 4, 5, 7, 8])), (array([[0., 1., 0., 0., 0., 0.],
       [0., 0., 1., 0., 1., 1.],
       [1., 0., 0., 0., 0., 0.],
       [0., 1., 0., 0., 0., 1.],
       [0., 0., 0., 1., 0., 0.],
       [0., 0., 0., 1., 0., 0.]]), array([0, 2, 4, 5, 7, 8])), (array([[0., 1., 0., 0., 0., 0.],
       [0., 0., 1., 0., 1., 1.],
       [1., 0., 0., 0., 0., 0.],
       [0., 1., 0., 0., 0., 1.],
       [0., 0., 0., 1., 0., 0.],
       [0., 1., 0., 0., 0., 0.]]), array([0, 2, 4, 5, 7, 8])), (array([[0., 1., 0., 0., 0., 0.],
       [0., 0., 1., 0., 1., 0.],
       [1., 0., 0., 0., 0., 0.],
       [0., 1., 0., 0., 0., 1.],
       [0., 0., 0., 0., 0., 1.],
       [0., 1., 0., 1., 0., 0.]]), array([0, 2, 4, 5, 6, 8])), (array([[0., 1., 0., 0., 0., 0.],
       [0., 0., 1., 0., 1., 0.],
       [1., 0., 0., 0., 0., 0.],
       [0., 0., 0., 0., 0., 1.],
       [0., 0., 0., 0., 0., 1.],
       [0., 1., 0., 1., 0., 0.]]), array([0, 2, 4, 5, 6, 8])), (array([[0., 1., 0., 0., 0.],
       [0., 0., 1., 1., 0.],
       [1., 0., 0., 0., 0.],
       [0., 0., 0., 0., 1.],
       [0., 1., 0., 0., 0.]]), array([0, 2, 4, 6, 8])), (array([[0., 1., 0., 0., 0., 0.],
       [0., 0., 1., 0., 1., 0.],
       [1., 0., 0., 0., 0., 0.],
       [0., 0., 0., 0., 0., 1.],
       [0., 0., 0., 0., 0., 1.],
       [0., 0., 0., 1., 0., 0.]]), array([0, 2, 4, 5, 6, 8])), (array([[0., 1., 0., 0., 0., 0.],
       [0., 0., 1., 0., 1., 0.],
       [1., 0., 0., 0., 0., 0.],
       [0., 1., 0., 0., 0., 0.],
       [0., 0., 0., 0., 0., 1.],
       [0., 1., 0., 1., 0., 0.]]), array([0, 2, 4, 5, 6, 8])), (array([[0., 1., 0., 0., 0., 0.],
       [0., 0., 1., 0., 1., 0.],
       [1., 0., 0., 0., 0., 0.],
       [0., 1., 0., 0., 0., 0.],
       [0., 0., 0., 0., 0., 1.],
       [0., 0., 0., 1., 0., 0.]]), array([0, 2, 4, 5, 6, 8])), (array([[0., 1., 0., 0., 0., 0.],
       [0., 0., 1., 0., 1., 0.],
       [1., 0., 0., 0., 0., 0.],
       [0., 1., 0., 0., 0., 1.],
       [0., 0., 0., 0., 0., 1.],
       [0., 0., 0., 1., 0., 0.]]), array([0, 2, 4, 5, 6, 8])), (array([[0., 1., 0., 0., 0., 0.],
       [0., 0., 1., 0., 1., 1.],
       [1., 0., 0., 0., 0., 0.],
       [0., 0., 0., 0., 0., 1.],
       [0., 0., 0., 0., 0., 1.],
       [0., 1., 0., 1., 0., 0.]]), array([0, 2, 4, 5, 6, 8])), (array([[0., 1., 0., 0., 0.],
       [0., 0., 1., 1., 1.],
       [1., 0., 0., 0., 0.],
       [0., 0., 0., 0., 1.],
       [0., 1., 0., 0., 0.]]), array([0, 2, 4, 6, 8])), (array([[0., 1., 0., 0., 0., 0.],
       [0., 0., 1., 0., 1., 1.],
       [1., 0., 0., 0., 0., 0.],
       [0., 0., 0., 0., 0., 1.],
       [0., 0., 0., 0., 0., 1.],
       [0., 0., 0., 1., 0., 0.]]), array([0, 2, 4, 5, 6, 8])), (array([[0., 1., 0., 0., 0., 0.],
       [0., 0., 1., 0., 1., 1.],
       [1., 0., 0., 0., 0., 0.],
       [0., 1., 0., 0., 0., 0.],
       [0., 0., 0., 0., 0., 1.],
       [0., 1., 0., 1., 0., 0.]]), array([0, 2, 4, 5, 6, 8])), (array([[0., 1., 0., 0., 0., 0.],
       [0., 0., 1., 0., 1., 1.],
       [1., 0., 0., 0., 0., 0.],
       [0., 1., 0., 0., 0., 0.],
       [0., 0., 0., 0., 0., 1.],
       [0., 0., 0., 1., 0., 0.]]), array([0, 2, 4, 5, 6, 8])), (array([[0., 1., 0., 0., 0., 0.],
       [0., 0., 1., 0., 1., 1.],
       [1., 0., 0., 0., 0., 0.],
       [0., 1., 0., 0., 0., 1.],
       [0., 0., 0., 0., 0., 1.],
       [0., 0., 0., 1., 0., 0.]]), array([0, 2, 4, 5, 6, 8])), (array([[0., 1., 0., 0., 0., 0.],
       [0., 0., 1., 1., 1., 0.],
       [1., 0., 0., 0., 0., 0.],
       [0., 0., 0., 0., 0., 1.],
       [0., 0., 0., 0., 0., 1.],
       [0., 1., 0., 0., 0., 0.]]), array([0, 2, 4, 6, 7, 8])), (array([[0., 1., 0., 0., 0., 0., 0.],
       [0., 0., 1., 0., 1., 1., 0.],
       [1., 0., 0., 0., 0., 0., 0.],
       [0., 0., 0., 0., 0., 0., 1.],
       [0., 0., 0., 0., 0., 0., 1.],
       [0., 0., 0., 0., 0., 0., 1.],
       [0., 0., 0., 1., 0., 0., 0.]]), array([0, 2, 4, 5, 6, 7, 8])), (array([[0., 1., 0., 0., 0., 0., 0.],
       [0., 0., 1., 0., 1., 1., 0.],
       [1., 0., 0., 0., 0., 0., 0.],
       [0., 0., 0., 0., 0., 0., 1.],
       [0., 0., 0., 0., 0., 0., 1.],
       [0., 0., 0., 1., 0., 0., 0.],
       [0., 0., 0., 1., 0., 0., 0.]]), array([0, 2, 4, 5, 6, 7, 8])), (array([[0., 1., 0., 0., 0., 0., 0.],
       [0., 0., 1., 0., 1., 1., 0.],
       [1., 0., 0., 0., 0., 0., 0.],
       [0., 0., 0., 0., 0., 0., 1.],
       [0., 0., 0., 0., 0., 0., 1.],
       [0., 0., 0., 1., 0., 0., 0.],
       [0., 1., 0., 0., 0., 0., 0.]]), array([0, 2, 4, 5, 6, 7, 8])), (array([[0., 1., 0., 0., 0., 0., 0.],
       [0., 0., 1., 0., 1., 1., 0.],
       [1., 0., 0., 0., 0., 0., 0.],
       [0., 1., 0., 0., 0., 0., 0.],
       [0., 0., 0., 0., 0., 0., 1.],
       [0., 0., 0., 0., 0., 0., 1.],
       [0., 0., 0., 1., 0., 0., 0.]]), array([0, 2, 4, 5, 6, 7, 8])), (array([[0., 1., 0., 0., 0., 0., 0.],
       [0., 0., 1., 0., 1., 1., 0.],
       [1., 0., 0., 0., 0., 0., 0.],
       [0., 1., 0., 0., 0., 0., 0.],
       [0., 0., 0., 0., 0., 0., 1.],
       [0., 0., 0., 1., 0., 0., 0.],
       [0., 0., 0., 1., 0., 0., 0.]]), array([0, 2, 4, 5, 6, 7, 8])), (array([[0., 1., 0., 0., 0., 0., 0.],
       [0., 0., 1., 0., 1., 1., 0.],
       [1., 0., 0., 0., 0., 0., 0.],
       [0., 1., 0., 0., 0., 0., 0.],
       [0., 0., 0., 0., 0., 0., 1.],
       [0., 0., 0., 1., 0., 0., 0.],
       [0., 1., 0., 0., 0., 0., 0.]]), array([0, 2, 4, 5, 6, 7, 8])), (array([[0., 1., 0., 0., 0., 0.],
       [0., 0., 1., 1., 1., 1.],
       [1., 0., 0., 0., 0., 0.],
       [0., 0., 0., 0., 0., 1.],
       [0., 0., 0., 0., 0., 1.],
       [0., 1., 0., 0., 0., 0.]]), array([0, 2, 4, 6, 7, 8])), (array([[0., 1., 0., 1., 0.],
       [0., 0., 1., 0., 1.],
       [1., 0., 0., 0., 0.],
       [0., 1., 0., 0., 1.],
       [0., 1., 0., 1., 0.]]), array([0, 2, 4, 5, 8])), (array([[0., 1., 0., 1., 0.],
       [0., 0., 1., 0., 0.],
       [1., 0., 0., 0., 0.],
       [0., 1., 0., 0., 1.],
       [0., 1., 0., 1., 0.]]), array([0, 2, 4, 5, 8])), (array([[0., 1., 0., 1., 0.],
       [0., 0., 1., 0., 0.],
       [1., 0., 0., 0., 0.],
       [0., 0., 0., 0., 1.],
       [0., 1., 0., 1., 0.]]), array([0, 2, 4, 5, 8])), (array([[0., 1., 0., 1., 0.],
       [0., 0., 1., 0., 0.],
       [1., 0., 0., 0., 0.],
       [0., 0., 0., 0., 1.],
       [0., 0., 0., 1., 0.]]), array([0, 2, 4, 5, 8])), (array([[0., 1., 0., 1., 0.],
       [0., 0., 1., 0., 0.],
       [1., 0., 0., 0., 0.],
       [0., 0., 0., 0., 1.],
       [0., 1., 0., 0., 0.]]), array([0, 2, 4, 5, 8])), (array([[0., 1., 0., 1.],
       [0., 0., 1., 0.],
       [1., 0., 0., 0.],
       [0., 1., 0., 0.]]), array([0, 2, 4, 5])), (array([[0., 1., 0., 1., 0.],
       [0., 0., 1., 0., 0.],
       [1., 0., 0., 0., 0.],
       [0., 1., 0., 0., 1.],
       [0., 0., 0., 1., 0.]]), array([0, 2, 4, 5, 8])), (array([[0., 1., 0., 1., 0.],
       [0., 0., 1., 0., 0.],
       [1., 0., 0., 0., 0.],
       [0., 1., 0., 0., 1.],
       [0., 1., 0., 0., 0.]]), array([0, 2, 4, 5, 8])), (array([[0., 1., 0., 1., 0.],
       [0., 0., 1., 0., 1.],
       [1., 0., 0., 0., 0.],
       [0., 0., 0., 0., 1.],
       [0., 1., 0., 1., 0.]]), array([0, 2, 4, 5, 8])), (array([[0., 1., 0., 1., 0.],
       [0., 0., 1., 0., 1.],
       [1., 0., 0., 0., 0.],
       [0., 0., 0., 0., 1.],
       [0., 0., 0., 1., 0.]]), array([0, 2, 4, 5, 8])), (array([[0., 1., 0., 1., 0.],
       [0., 0., 1., 0., 1.],
       [1., 0., 0., 0., 0.],
       [0., 0., 0., 0., 1.],
       [0., 1., 0., 0., 0.]]), array([0, 2, 4, 5, 8])), (array([[0., 1., 0., 1., 0.],
       [0., 0., 1., 0., 1.],
       [1., 0., 0., 0., 0.],
       [0., 1., 0., 0., 0.],
       [0., 1., 0., 1., 0.]]), array([0, 2, 4, 5, 8])), (array([[0., 1., 0., 1., 0.],
       [0., 0., 1., 0., 1.],
       [1., 0., 0., 0., 0.],
       [0., 1., 0., 0., 0.],
       [0., 0., 0., 1., 0.]]), array([0, 2, 4, 5, 8])), (array([[0., 1., 0., 1., 0.],
       [0., 0., 1., 0., 1.],
       [1., 0., 0., 0., 0.],
       [0., 1., 0., 0., 0.],
       [0., 1., 0., 0., 0.]]), array([0, 2, 4, 5, 8])), (array([[0., 1., 0., 1., 0.],
       [0., 0., 1., 0., 1.],
       [1., 0., 0., 0., 0.],
       [0., 1., 0., 0., 1.],
       [0., 0., 0., 1., 0.]]), array([0, 2, 4, 5, 8])), (array([[0., 1., 0., 1., 0.],
       [0., 0., 1., 0., 1.],
       [1., 0., 0., 0., 0.],
       [0., 1., 0., 0., 1.],
       [0., 1., 0., 0., 0.]]), array([0, 2, 4, 5, 8])), (array([[0., 1., 0., 1., 0., 0.],
       [0., 0., 1., 0., 1., 0.],
       [1., 0., 0., 0., 0., 0.],
       [0., 0., 0., 0., 0., 1.],
       [0., 0., 0., 0., 0., 1.],
       [0., 1., 0., 1., 0., 0.]]), array([0, 2, 4, 5, 7, 8])), (array([[0., 1., 0., 1., 0., 0.],
       [0., 0., 1., 0., 1., 0.],
       [1., 0., 0., 0., 0., 0.],
       [0., 0., 0., 0., 0., 1.],
       [0., 0., 0., 0., 0., 1.],
       [0., 0., 0., 1., 0., 0.]]), array([0, 2, 4, 5, 7, 8])), (array([[0., 1., 0., 1., 0., 0.],
       [0., 0., 1., 0., 1., 0.],
       [1., 0., 0., 0., 0., 0.],
       [0., 0., 0., 0., 0., 1.],
       [0., 0., 0., 0., 0., 1.],
       [0., 1., 0., 0., 0., 0.]]), array([0, 2, 4, 5, 7, 8])), (array([[0., 1., 0., 1., 0., 0.],
       [0., 0., 1., 0., 1., 0.],
       [1., 0., 0., 0., 0., 0.],
       [0., 0., 0., 0., 0., 1.],
       [0., 0., 0., 1., 0., 0.],
       [0., 1., 0., 1., 0., 0.]]), array([0, 2, 4, 5, 7, 8])), (array([[0., 1., 0., 1., 0., 0.],
       [0., 0., 1., 0., 1., 0.],
       [1., 0., 0., 0., 0., 0.],
       [0., 0., 0., 0., 0., 1.],
       [0., 0., 0., 1., 0., 0.],
       [0., 0., 0., 1., 0., 0.]]), array([0, 2, 4, 5, 7, 8])), (array([[0., 1., 0., 1., 0., 0.],
       [0., 0., 1., 0., 1., 0.],
       [1., 0., 0., 0., 0., 0.],
       [0., 0., 0., 0., 0., 1.],
       [0., 0., 0., 1., 0., 0.],
       [0., 1., 0., 0., 0., 0.]]), array([0, 2, 4, 5, 7, 8])), (array([[0., 1., 0., 1., 0., 0.],
       [0., 0., 1., 0., 1., 0.],
       [1., 0., 0., 0., 0., 0.],
       [0., 0., 0., 0., 0., 1.],
       [0., 0., 0., 1., 0., 1.],
       [0., 0., 0., 1., 0., 0.]]), array([0, 2, 4, 5, 7, 8])), (array([[0., 1., 0., 1., 0., 0.],
       [0., 0., 1., 0., 1., 0.],
       [1., 0., 0., 0., 0., 0.],
       [0., 0., 0., 0., 0., 1.],
       [0., 0., 0., 1., 0., 1.],
       [0., 1., 0., 0., 0., 0.]]), array([0, 2, 4, 5, 7, 8])), (array([[0., 1., 0., 1., 0., 0.],
       [0., 0., 1., 0., 1., 0.],
       [1., 0., 0., 0., 0., 0.],
       [0., 1., 0., 0., 0., 0.],
       [0., 0., 0., 0., 0., 1.],
       [0., 1., 0., 1., 0., 0.]]), array([0, 2, 4, 5, 7, 8])), (array([[0., 1., 0., 1., 0., 0.],
       [0., 0., 1., 0., 1., 0.],
       [1., 0., 0., 0., 0., 0.],
       [0., 1., 0., 0., 0., 0.],
       [0., 0., 0., 0., 0., 1.],
       [0., 0., 0., 1., 0., 0.]]), array([0, 2, 4, 5, 7, 8])), (array([[0., 1., 0., 1., 0., 0.],
       [0., 0., 1., 0., 1., 0.],
       [1., 0., 0., 0., 0., 0.],
       [0., 1., 0., 0., 0., 0.],
       [0., 0., 0., 0., 0., 1.],
       [0., 1., 0., 0., 0., 0.]]), array([0, 2, 4, 5, 7, 8])), (array([[0., 1., 0., 1., 0.],
       [0., 0., 1., 0., 1.],
       [1., 0., 0., 0., 0.],
       [0., 1., 0., 0., 0.],
       [0., 0., 0., 1., 0.]]), array([0, 2, 4, 5, 7])), (array([[0., 1., 0., 1., 0., 0.],
       [0., 0., 1., 0., 1., 0.],
       [1., 0., 0., 0., 0., 0.],
       [0., 1., 0., 0., 0., 0.],
       [0., 0., 0., 1., 0., 1.],
       [0., 0., 0., 1., 0., 0.]]), array([0, 2, 4, 5, 7, 8])), (array([[0., 1., 0., 1., 0., 0.],
       [0., 0., 1., 0., 1., 0.],
       [1., 0., 0., 0., 0., 0.],
       [0., 1., 0., 0., 0., 0.],
       [0., 0., 0., 1., 0., 1.],
       [0., 1., 0., 0., 0., 0.]]), array([0, 2, 4, 5, 7, 8])), (array([[0., 1., 0., 1., 0., 0.],
       [0., 0., 1., 0., 1., 0.],
       [1., 0., 0., 0., 0., 0.],
       [0., 1., 0., 0., 0., 1.],
       [0., 0., 0., 0., 0., 1.],
       [0., 0., 0., 1., 0., 0.]]), array([0, 2, 4, 5, 7, 8])), (array([[0., 1., 0., 1., 0., 0.],
       [0., 0., 1., 0., 1., 0.],
       [1., 0., 0., 0., 0., 0.],
       [0., 1., 0., 0., 0., 1.],
       [0., 0., 0., 0., 0., 1.],
       [0., 1., 0., 0., 0., 0.]]), array([0, 2, 4, 5, 7, 8])), (array([[0., 1., 0., 1., 0., 0.],
       [0., 0., 1., 0., 1., 0.],
       [1., 0., 0., 0., 0., 0.],
       [0., 1., 0., 0., 0., 1.],
       [0., 0., 0., 1., 0., 0.],
       [0., 0., 0., 1., 0., 0.]]), array([0, 2, 4, 5, 7, 8])), (array([[0., 1., 0., 1., 0., 0.],
       [0., 0., 1., 0., 1., 0.],
       [1., 0., 0., 0., 0., 0.],
       [0., 1., 0., 0., 0., 1.],
       [0., 0., 0., 1., 0., 0.],
       [0., 1., 0., 0., 0., 0.]]), array([0, 2, 4, 5, 7, 8])), (array([[0., 1., 0., 1., 0., 0.],
       [0., 0., 1., 0., 1., 1.],
       [1., 0., 0., 0., 0., 0.],
       [0., 0., 0., 0., 0., 1.],
       [0., 0., 0., 0., 0., 1.],
       [0., 0., 0., 1., 0., 0.]]), array([0, 2, 4, 5, 7, 8])), (array([[0., 1., 0., 1., 0., 0.],
       [0., 0., 1., 0., 1., 1.],
       [1., 0., 0., 0., 0., 0.],
       [0., 0., 0., 0., 0., 1.],
       [0., 0., 0., 0., 0., 1.],
       [0., 1., 0., 0., 0., 0.]]), array([0, 2, 4, 5, 7, 8])), (array([[0., 1., 0., 1., 0., 0.],
       [0., 0., 1., 0., 1., 1.],
       [1., 0., 0., 0., 0., 0.],
       [0., 0., 0., 0., 0., 1.],
       [0., 0., 0., 1., 0., 0.],
       [0., 0., 0., 1., 0., 0.]]), array([0, 2, 4, 5, 7, 8])), (array([[0., 1., 0., 1., 0., 0.],
       [0., 0., 1., 0., 1., 1.],
       [1., 0., 0., 0., 0., 0.],
       [0., 0., 0., 0., 0., 1.],
       [0., 0., 0., 1., 0., 0.],
       [0., 1., 0., 0., 0., 0.]]), array([0, 2, 4, 5, 7, 8])), (array([[0., 1., 0., 1., 0., 0.],
       [0., 0., 1., 0., 1., 1.],
       [1., 0., 0., 0., 0., 0.],
       [0., 1., 0., 0., 0., 0.],
       [0., 0., 0., 0., 0., 1.],
       [0., 0., 0., 1., 0., 0.]]), array([0, 2, 4, 5, 7, 8])), (array([[0., 1., 0., 1., 0., 0.],
       [0., 0., 1., 0., 1., 1.],
       [1., 0., 0., 0., 0., 0.],
       [0., 1., 0., 0., 0., 0.],
       [0., 0., 0., 0., 0., 1.],
       [0., 1., 0., 0., 0., 0.]]), array([0, 2, 4, 5, 7, 8])), (array([[0., 1., 0., 1., 0., 0.],
       [0., 0., 1., 0., 1., 1.],
       [1., 0., 0., 0., 0., 0.],
       [0., 1., 0., 0., 0., 0.],
       [0., 0., 0., 1., 0., 0.],
       [0., 0., 0., 1., 0., 0.]]), array([0, 2, 4, 5, 7, 8])), (array([[0., 1., 0., 1., 0., 0.],
       [0., 0., 1., 0., 1., 1.],
       [1., 0., 0., 0., 0., 0.],
       [0., 1., 0., 0., 0., 0.],
       [0., 0., 0., 1., 0., 0.],
       [0., 1., 0., 0., 0., 0.]]), array([0, 2, 4, 5, 7, 8])), (array([[0., 1., 0., 1., 0., 0.],
       [0., 0., 1., 0., 1., 0.],
       [1., 0., 0., 0., 0., 0.],
       [0., 0., 0., 0., 0., 1.],
       [0., 0., 0., 0., 0., 1.],
       [0., 1., 0., 1., 0., 0.]]), array([0, 2, 4, 5, 6, 8])), (array([[0., 1., 0., 1., 0., 0.],
       [0., 0., 1., 0., 1., 0.],
       [1., 0., 0., 0., 0., 0.],
       [0., 0., 0., 0., 0., 1.],
       [0., 0., 0., 0., 0., 1.],
       [0., 0., 0., 1., 0., 0.]]), array([0, 2, 4, 5, 6, 8])), (array([[0., 1., 0., 1., 0., 0.],
       [0., 0., 1., 0., 1., 0.],
       [1., 0., 0., 0., 0., 0.],
       [0., 0., 0., 0., 0., 1.],
       [0., 0., 0., 0., 0., 1.],
       [0., 1., 0., 0., 0., 0.]]), array([0, 2, 4, 5, 6, 8])), (array([[0., 1., 0., 1., 0., 0.],
       [0., 0., 1., 0., 1., 0.],
       [1., 0., 0., 0., 0., 0.],
       [0., 1., 0., 0., 0., 0.],
       [0., 0., 0., 0., 0., 1.],
       [0., 1., 0., 1., 0., 0.]]), array([0, 2, 4, 5, 6, 8])), (array([[0., 1., 0., 1., 0., 0.],
       [0., 0., 1., 0., 1., 0.],
       [1., 0., 0., 0., 0., 0.],
       [0., 1., 0., 0., 0., 0.],
       [0., 0., 0., 0., 0., 1.],
       [0., 0., 0., 1., 0., 0.]]), array([0, 2, 4, 5, 6, 8])), (array([[0., 1., 0., 1., 0., 0.],
       [0., 0., 1., 0., 1., 0.],
       [1., 0., 0., 0., 0., 0.],
       [0., 1., 0., 0., 0., 0.],
       [0., 0., 0., 0., 0., 1.],
       [0., 1., 0., 0., 0., 0.]]), array([0, 2, 4, 5, 6, 8])), (array([[0., 1., 0., 1., 0., 0.],
       [0., 0., 1., 0., 1., 0.],
       [1., 0., 0., 0., 0., 0.],
       [0., 1., 0., 0., 0., 1.],
       [0., 0., 0., 0., 0., 1.],
       [0., 0., 0., 1., 0., 0.]]), array([0, 2, 4, 5, 6, 8])), (array([[0., 1., 0., 1., 0., 0.],
       [0., 0., 1., 0., 1., 0.],
       [1., 0., 0., 0., 0., 0.],
       [0., 1., 0., 0., 0., 1.],
       [0., 0., 0., 0., 0., 1.],
       [0., 1., 0., 0., 0., 0.]]), array([0, 2, 4, 5, 6, 8])), (array([[0., 1., 0., 1., 0., 0.],
       [0., 0., 1., 0., 1., 1.],
       [1., 0., 0., 0., 0., 0.],
       [0., 0., 0., 0., 0., 1.],
       [0., 0., 0., 0., 0., 1.],
       [0., 0., 0., 1., 0., 0.]]), array([0, 2, 4, 5, 6, 8])), (array([[0., 1., 0., 1., 0., 0.],
       [0., 0., 1., 0., 1., 1.],
       [1., 0., 0., 0., 0., 0.],
       [0., 0., 0., 0., 0., 1.],
       [0., 0., 0., 0., 0., 1.],
       [0., 1., 0., 0., 0., 0.]]), array([0, 2, 4, 5, 6, 8])), (array([[0., 1., 0., 1., 0., 0.],
       [0., 0., 1., 0., 1., 1.],
       [1., 0., 0., 0., 0., 0.],
       [0., 1., 0., 0., 0., 0.],
       [0., 0., 0., 0., 0., 1.],
       [0., 0., 0., 1., 0., 0.]]), array([0, 2, 4, 5, 6, 8])), (array([[0., 1., 0., 1., 0., 0.],
       [0., 0., 1., 0., 1., 1.],
       [1., 0., 0., 0., 0., 0.],
       [0., 1., 0., 0., 0., 0.],
       [0., 0., 0., 0., 0., 1.],
       [0., 1., 0., 0., 0., 0.]]), array([0, 2, 4, 5, 6, 8])), (array([[0., 1., 0., 0., 0., 0.],
       [0., 0., 0., 0., 1., 0.],
       [0., 0., 0., 1., 0., 1.],
       [1., 0., 0., 0., 0., 0.],
       [0., 0., 1., 0., 0., 1.],
       [0., 0., 1., 0., 1., 0.]]), array([0, 1, 2, 4, 5, 8])), (array([[0., 1., 0., 0., 0., 0.],
       [0., 0., 0., 0., 1., 0.],
       [0., 0., 0., 1., 0., 0.],
       [1., 0., 0., 0., 0., 0.],
       [0., 0., 1., 0., 0., 1.],
       [0., 0., 1., 0., 1., 0.]]), array([0, 1, 2, 4, 5, 8])), (array([[0., 1., 0., 0., 0., 0.],
       [0., 0., 0., 0., 1., 0.],
       [0., 0., 0., 1., 0., 0.],
       [1., 0., 0., 0., 0., 0.],
       [0., 0., 0., 0., 0., 1.],
       [0., 0., 1., 0., 1., 0.]]), array([0, 1, 2, 4, 5, 8])), (array([[0., 1., 0., 0., 0., 0.],
       [0., 0., 0., 0., 1., 0.],
       [0., 0., 0., 1., 0., 0.],
       [1., 0., 0., 0., 0., 0.],
       [0., 0., 0., 0., 0., 1.],
       [0., 0., 1., 0., 0., 0.]]), array([0, 1, 2, 4, 5, 8])), (array([[0., 1., 0., 0., 0.],
       [0., 0., 0., 0., 1.],
       [0., 0., 0., 1., 0.],
       [1., 0., 0., 0., 0.],
       [0., 0., 1., 0., 0.]]), array([0, 1, 2, 4, 5])), (array([[0., 1., 0., 0., 0., 0.],
       [0., 0., 0., 0., 1., 0.],
       [0., 0., 0., 1., 0., 0.],
       [1., 0., 0., 0., 0., 0.],
       [0., 0., 1., 0., 0., 1.],
       [0., 0., 0., 0., 1., 0.]]), array([0, 1, 2, 4, 5, 8])), (array([[0., 1., 0., 0., 0., 0.],
       [0., 0., 0., 0., 1., 0.],
       [0., 0., 0., 1., 0., 0.],
       [1., 0., 0., 0., 0., 0.],
       [0., 0., 1., 0., 0., 1.],
       [0., 0., 1., 0., 0., 0.]]), array([0, 1, 2, 4, 5, 8])), (array([[0., 1., 0., 0., 0., 0.],
       [0., 0., 0., 0., 1., 0.],
       [0., 0., 0., 1., 0., 1.],
       [1., 0., 0., 0., 0., 0.],
       [0., 0., 0., 0., 0., 1.],
       [0., 0., 1., 0., 1., 0.]]), array([0, 1, 2, 4, 5, 8])), (array([[0., 1., 0., 0., 0., 0.],
       [0., 0., 0., 0., 1., 0.],
       [0., 0., 0., 1., 0., 1.],
       [1., 0., 0., 0., 0., 0.],
       [0., 0., 0., 0., 0., 1.],
       [0., 0., 1., 0., 0., 0.]]), array([0, 1, 2, 4, 5, 8])), (array([[0., 1., 0., 0., 0., 0.],
       [0., 0., 0., 0., 1., 0.],
       [0., 0., 0., 1., 0., 1.],
       [1., 0., 0., 0., 0., 0.],
       [0., 0., 1., 0., 0., 0.],
       [0., 0., 1., 0., 1., 0.]]), array([0, 1, 2, 4, 5, 8])), (array([[0., 1., 0., 0., 0., 0.],
       [0., 0., 0., 0., 1., 0.],
       [0., 0., 0., 1., 0., 1.],
       [1., 0., 0., 0., 0., 0.],
       [0., 0., 1., 0., 0., 0.],
       [0., 0., 0., 0., 1., 0.]]), array([0, 1, 2, 4, 5, 8])), (array([[0., 1., 0., 0., 0., 0.],
       [0., 0., 0., 0., 1., 0.],
       [0., 0., 0., 1., 0., 1.],
       [1., 0., 0., 0., 0., 0.],
       [0., 0., 1., 0., 0., 0.],
       [0., 0., 1., 0., 0., 0.]]), array([0, 1, 2, 4, 5, 8])), (array([[0., 1., 0., 0., 0., 0.],
       [0., 0., 0., 0., 1., 0.],
       [0., 0., 0., 1., 0., 1.],
       [1., 0., 0., 0., 0., 0.],
       [0., 0., 1., 0., 0., 1.],
       [0., 0., 0., 0., 1., 0.]]), array([0, 1, 2, 4, 5, 8])), (array([[0., 1., 0., 0., 0., 0.],
       [0., 0., 0., 0., 1., 0.],
       [0., 0., 0., 1., 0., 1.],
       [1., 0., 0., 0., 0., 0.],
       [0., 0., 1., 0., 0., 1.],
       [0., 0., 1., 0., 0., 0.]]), array([0, 1, 2, 4, 5, 8])), (array([[0., 1., 0., 0., 0., 0., 0.],
       [0., 0., 0., 0., 1., 0., 0.],
       [0., 0., 0., 1., 0., 1., 0.],
       [1., 0., 0., 0., 0., 0., 0.],
       [0., 0., 0., 0., 0., 0., 1.],
       [0., 0., 0., 0., 0., 0., 1.],
       [0., 0., 1., 0., 1., 0., 0.]]), array([0, 1, 2, 4, 5, 7, 8])), (array([[0., 1., 0., 0., 0., 0., 0.],
       [0., 0., 0., 0., 1., 0., 0.],
       [0., 0., 0., 1., 0., 1., 0.],
       [1., 0., 0., 0., 0., 0., 0.],
       [0., 0., 0., 0., 0., 0., 1.],
       [0., 0., 0., 0., 0., 0., 1.],
       [0., 0., 1., 0., 0., 0., 0.]]), array([0, 1, 2, 4, 5, 7, 8])), (array([[0., 1., 0., 0., 0., 0., 0.],
       [0., 0., 0., 0., 1., 0., 0.],
       [0., 0., 0., 1., 0., 1., 0.],
       [1., 0., 0., 0., 0., 0., 0.],
       [0., 0., 0., 0., 0., 0., 1.],
       [0., 0., 0., 0., 1., 0., 0.],
       [0., 0., 1., 0., 1., 0., 0.]]), array([0, 1, 2, 4, 5, 7, 8])), (array([[0., 1., 0., 0., 0., 0., 0.],
       [0., 0., 0., 0., 1., 0., 0.],
       [0., 0., 0., 1., 0., 1., 0.],
       [1., 0., 0., 0., 0., 0., 0.],
       [0., 0., 0., 0., 0., 0., 1.],
       [0., 0., 0., 0., 1., 0., 0.],
       [0., 0., 1., 0., 0., 0., 0.]]), array([0, 1, 2, 4, 5, 7, 8])), (array([[0., 1., 0., 0., 0., 0., 0.],
       [0., 0., 0., 0., 1., 0., 0.],
       [0., 0., 0., 1., 0., 1., 0.],
       [1., 0., 0., 0., 0., 0., 0.],
       [0., 0., 0., 0., 0., 0., 1.],
       [0., 0., 0., 0., 1., 0., 1.],
       [0., 0., 1., 0., 0., 0., 0.]]), array([0, 1, 2, 4, 5, 7, 8])), (array([[0., 1., 0., 0., 0., 0., 0.],
       [0., 0., 0., 0., 1., 0., 0.],
       [0., 0., 0., 1., 0., 1., 0.],
       [1., 0., 0., 0., 0., 0., 0.],
       [0., 0., 1., 0., 0., 0., 0.],
       [0., 0., 0., 0., 0., 0., 1.],
       [0., 0., 1., 0., 1., 0., 0.]]), array([0, 1, 2, 4, 5, 7, 8])), (array([[0., 1., 0., 0., 0., 0., 0.],
       [0., 0., 0., 0., 1., 0., 0.],
       [0., 0., 0., 1., 0., 1., 0.],
       [1., 0., 0., 0., 0., 0., 0.],
       [0., 0., 1., 0., 0., 0., 0.],
       [0., 0., 0., 0., 0., 0., 1.],
       [0., 0., 0., 0., 1., 0., 0.]]), array([0, 1, 2, 4, 5, 7, 8])), (array([[0., 1., 0., 0., 0., 0., 0.],
       [0., 0., 0., 0., 1., 0., 0.],
       [0., 0., 0., 1., 0., 1., 0.],
       [1., 0., 0., 0., 0., 0., 0.],
       [0., 0., 1., 0., 0., 0., 0.],
       [0., 0., 0., 0., 0., 0., 1.],
       [0., 0., 1., 0., 0., 0., 0.]]), array([0, 1, 2, 4, 5, 7, 8])), (array([[0., 1., 0., 0., 0., 0.],
       [0., 0., 0., 0., 1., 0.],
       [0., 0., 0., 1., 0., 1.],
       [1., 0., 0., 0., 0., 0.],
       [0., 0., 1., 0., 0., 0.],
       [0., 0., 0., 0., 1., 0.]]), array([0, 1, 2, 4, 5, 7])), (array([[0., 1., 0., 0., 0., 0., 0.],
       [0., 0., 0., 0., 1., 0., 0.],
       [0., 0., 0., 1., 0., 1., 0.],
       [1., 0., 0., 0., 0., 0., 0.],
       [0., 0., 1., 0., 0., 0., 0.],
       [0., 0., 0., 0., 1., 0., 1.],
       [0., 0., 0., 0., 1., 0., 0.]]), array([0, 1, 2, 4, 5, 7, 8])), (array([[0., 1., 0., 0., 0., 0., 0.],
       [0., 0., 0., 0., 1., 0., 0.],
       [0., 0., 0., 1., 0., 1., 0.],
       [1., 0., 0., 0., 0., 0., 0.],
       [0., 0., 1., 0., 0., 0., 0.],
       [0., 0., 0., 0., 1., 0., 1.],
       [0., 0., 1., 0., 0., 0., 0.]]), array([0, 1, 2, 4, 5, 7, 8])), (array([[0., 1., 0., 0., 0., 0., 0.],
       [0., 0., 0., 0., 1., 0., 0.],
       [0., 0., 0., 1., 0., 1., 0.],
       [1., 0., 0., 0., 0., 0., 0.],
       [0., 0., 1., 0., 0., 0., 1.],
       [0., 0., 0., 0., 0., 0., 1.],
       [0., 0., 0., 0., 1., 0., 0.]]), array([0, 1, 2, 4, 5, 7, 8])), (array([[0., 1., 0., 0., 0., 0., 0.],
       [0., 0., 0., 0., 1., 0., 0.],
       [0., 0., 0., 1., 0., 1., 0.],
       [1., 0., 0., 0., 0., 0., 0.],
       [0., 0., 1., 0., 0., 0., 1.],
       [0., 0., 0., 0., 0., 0., 1.],
       [0., 0., 1., 0., 0., 0., 0.]]), array([0, 1, 2, 4, 5, 7, 8])), (array([[0., 1., 0., 0., 0., 0., 0.],
       [0., 0., 0., 0., 1., 0., 0.],
       [0., 0., 0., 1., 0., 1., 0.],
       [1., 0., 0., 0., 0., 0., 0.],
       [0., 0., 1., 0., 0., 0., 1.],
       [0., 0., 0., 0., 1., 0., 0.],
       [0., 0., 0., 0., 1., 0., 0.]]), array([0, 1, 2, 4, 5, 7, 8])), (array([[0., 1., 0., 0., 0., 0., 0.],
       [0., 0., 0., 0., 1., 0., 0.],
       [0., 0., 0., 1., 0., 1., 0.],
       [1., 0., 0., 0., 0., 0., 0.],
       [0., 0., 1., 0., 0., 0., 1.],
       [0., 0., 0., 0., 1., 0., 0.],
       [0., 0., 1., 0., 0., 0., 0.]]), array([0, 1, 2, 4, 5, 7, 8])), (array([[0., 1., 0., 0., 0., 0., 0.],
       [0., 0., 0., 0., 1., 0., 0.],
       [0., 0., 0., 1., 0., 1., 1.],
       [1., 0., 0., 0., 0., 0., 0.],
       [0., 0., 0., 0., 0., 0., 1.],
       [0., 0., 0., 0., 0., 0., 1.],
       [0., 0., 1., 0., 0., 0., 0.]]), array([0, 1, 2, 4, 5, 7, 8])), (array([[0., 1., 0., 0., 0., 0., 0.],
       [0., 0., 0., 0., 1., 0., 0.],
       [0., 0., 0., 1., 0., 1., 1.],
       [1., 0., 0., 0., 0., 0., 0.],
       [0., 0., 0., 0., 0., 0., 1.],
       [0., 0., 0., 0., 1., 0., 0.],
       [0., 0., 1., 0., 0., 0., 0.]]), array([0, 1, 2, 4, 5, 7, 8])), (array([[0., 1., 0., 0., 0., 0., 0.],
       [0., 0., 0., 0., 1., 0., 0.],
       [0., 0., 0., 1., 0., 1., 1.],
       [1., 0., 0., 0., 0., 0., 0.],
       [0., 0., 1., 0., 0., 0., 0.],
       [0., 0., 0., 0., 0., 0., 1.],
       [0., 0., 0., 0., 1., 0., 0.]]), array([0, 1, 2, 4, 5, 7, 8])), (array([[0., 1., 0., 0., 0., 0., 0.],
       [0., 0., 0., 0., 1., 0., 0.],
       [0., 0., 0., 1., 0., 1., 1.],
       [1., 0., 0., 0., 0., 0., 0.],
       [0., 0., 1., 0., 0., 0., 0.],
       [0., 0., 0., 0., 0., 0., 1.],
       [0., 0., 1., 0., 0., 0., 0.]]), array([0, 1, 2, 4, 5, 7, 8])), (array([[0., 1., 0., 0., 0., 0., 0.],
       [0., 0., 0., 0., 1., 0., 0.],
       [0., 0., 0., 1., 0., 1., 1.],
       [1., 0., 0., 0., 0., 0., 0.],
       [0., 0., 1., 0., 0., 0., 0.],
       [0., 0., 0., 0., 1., 0., 0.],
       [0., 0., 0., 0., 1., 0., 0.]]), array([0, 1, 2, 4, 5, 7, 8])), (array([[0., 1., 0., 0., 0., 0., 0.],
       [0., 0., 0., 0., 1., 0., 0.],
       [0., 0., 0., 1., 0., 1., 1.],
       [1., 0., 0., 0., 0., 0., 0.],
       [0., 0., 1., 0., 0., 0., 0.],
       [0., 0., 0., 0., 1., 0., 0.],
       [0., 0., 1., 0., 0., 0., 0.]]), array([0, 1, 2, 4, 5, 7, 8])), (array([[0., 1., 0., 0., 0., 0., 0.],
       [0., 0., 0., 0., 1., 0., 0.],
       [0., 0., 0., 1., 0., 1., 0.],
       [1., 0., 0., 0., 0., 0., 0.],
       [0., 0., 0., 0., 0., 0., 1.],
       [0., 0., 0., 0., 0., 0., 1.],
       [0., 0., 1., 0., 1., 0., 0.]]), array([0, 1, 2, 4, 5, 6, 8])), (array([[0., 1., 0., 0., 0., 0., 0.],
       [0., 0., 0., 0., 1., 0., 0.],
       [0., 0., 0., 1., 0., 1., 0.],
       [1., 0., 0., 0., 0., 0., 0.],
       [0., 0., 0., 0., 0., 0., 1.],
       [0., 0., 0., 0., 0., 0., 1.],
       [0., 0., 1., 0., 0., 0., 0.]]), array([0, 1, 2, 4, 5, 6, 8])), (array([[0., 1., 0., 0., 0., 0., 0.],
       [0., 0., 0., 0., 1., 0., 0.],
       [0., 0., 0., 1., 0., 1., 0.],
       [1., 0., 0., 0., 0., 0., 0.],
       [0., 0., 1., 0., 0., 0., 0.],
       [0., 0., 0., 0., 0., 0., 1.],
       [0., 0., 1., 0., 1., 0., 0.]]), array([0, 1, 2, 4, 5, 6, 8])), (array([[0., 1., 0., 0., 0., 0., 0.],
       [0., 0., 0., 0., 1., 0., 0.],
       [0., 0., 0., 1., 0., 1., 0.],
       [1., 0., 0., 0., 0., 0., 0.],
       [0., 0., 1., 0., 0., 0., 0.],
       [0., 0., 0., 0., 0., 0., 1.],
       [0., 0., 0., 0., 1., 0., 0.]]), array([0, 1, 2, 4, 5, 6, 8])), (array([[0., 1., 0., 0., 0., 0., 0.],
       [0., 0., 0., 0., 1., 0., 0.],
       [0., 0., 0., 1., 0., 1., 0.],
       [1., 0., 0., 0., 0., 0., 0.],
       [0., 0., 1., 0., 0., 0., 0.],
       [0., 0., 0., 0., 0., 0., 1.],
       [0., 0., 1., 0., 0., 0., 0.]]), array([0, 1, 2, 4, 5, 6, 8])), (array([[0., 1., 0., 0., 0., 0., 0.],
       [0., 0., 0., 0., 1., 0., 0.],
       [0., 0., 0., 1., 0., 1., 0.],
       [1., 0., 0., 0., 0., 0., 0.],
       [0., 0., 1., 0., 0., 0., 1.],
       [0., 0., 0., 0., 0., 0., 1.],
       [0., 0., 0., 0., 1., 0., 0.]]), array([0, 1, 2, 4, 5, 6, 8])), (array([[0., 1., 0., 0., 0., 0., 0.],
       [0., 0., 0., 0., 1., 0., 0.],
       [0., 0., 0., 1., 0., 1., 0.],
       [1., 0., 0., 0., 0., 0., 0.],
       [0., 0., 1., 0., 0., 0., 1.],
       [0., 0., 0., 0., 0., 0., 1.],
       [0., 0., 1., 0., 0., 0., 0.]]), array([0, 1, 2, 4, 5, 6, 8])), (array([[0., 1., 0., 0., 0., 0., 0.],
       [0., 0., 0., 0., 1., 0., 0.],
       [0., 0., 0., 1., 0., 1., 1.],
       [1., 0., 0., 0., 0., 0., 0.],
       [0., 0., 0., 0., 0., 0., 1.],
       [0., 0., 0., 0., 0., 0., 1.],
       [0., 0., 1., 0., 0., 0., 0.]]), array([0, 1, 2, 4, 5, 6, 8])), (array([[0., 1., 0., 0., 0., 0., 0.],
       [0., 0., 0., 0., 1., 0., 0.],
       [0., 0., 0., 1., 0., 1., 1.],
       [1., 0., 0., 0., 0., 0., 0.],
       [0., 0., 1., 0., 0., 0., 0.],
       [0., 0., 0., 0., 0., 0., 1.],
       [0., 0., 0., 0., 1., 0., 0.]]), array([0, 1, 2, 4, 5, 6, 8])), (array([[0., 1., 0., 0., 0., 0., 0.],
       [0., 0., 0., 0., 1., 0., 0.],
       [0., 0., 0., 1., 0., 1., 1.],
       [1., 0., 0., 0., 0., 0., 0.],
       [0., 0., 1., 0., 0., 0., 0.],
       [0., 0., 0., 0., 0., 0., 1.],
       [0., 0., 1., 0., 0., 0., 0.]]), array([0, 1, 2, 4, 5, 6, 8])), (array([[0., 1., 0., 0., 1., 0.],
       [0., 0., 0., 0., 1., 0.],
       [0., 0., 0., 1., 0., 0.],
       [1., 0., 0., 0., 0., 0.],
       [0., 0., 1., 0., 0., 1.],
       [0., 0., 1., 0., 1., 0.]]), array([0, 1, 2, 4, 5, 8])), (array([[0., 1., 0., 0., 1., 0.],
       [0., 0., 0., 0., 1., 0.],
       [0., 0., 0., 1., 0., 0.],
       [1., 0., 0., 0., 0., 0.],
       [0., 0., 0., 0., 0., 1.],
       [0., 0., 1., 0., 1., 0.]]), array([0, 1, 2, 4, 5, 8])), (array([[0., 1., 0., 0., 1., 0.],
       [0., 0., 0., 0., 1., 0.],
       [0., 0., 0., 1., 0., 0.],
       [1., 0., 0., 0., 0., 0.],
       [0., 0., 0., 0., 0., 1.],
       [0., 0., 1., 0., 0., 0.]]), array([0, 1, 2, 4, 5, 8])), (array([[0., 1., 0., 0., 1.],
       [0., 0., 0., 0., 1.],
       [0., 0., 0., 1., 0.],
       [1., 0., 0., 0., 0.],
       [0., 0., 1., 0., 0.]]), array([0, 1, 2, 4, 5])), (array([[0., 1., 0., 0., 1., 0.],
       [0., 0., 0., 0., 1., 0.],
       [0., 0., 0., 1., 0., 0.],
       [1., 0., 0., 0., 0., 0.],
       [0., 0., 1., 0., 0., 1.],
       [0., 0., 0., 0., 1., 0.]]), array([0, 1, 2, 4, 5, 8])), (array([[0., 1., 0., 0., 1., 0.],
       [0., 0., 0., 0., 1., 0.],
       [0., 0., 0., 1., 0., 0.],
       [1., 0., 0., 0., 0., 0.],
       [0., 0., 1., 0., 0., 1.],
       [0., 0., 1., 0., 0., 0.]]), array([0, 1, 2, 4, 5, 8])), (array([[0., 1., 0., 0., 1., 0.],
       [0., 0., 0., 0., 1., 0.],
       [0., 0., 0., 1., 0., 1.],
       [1., 0., 0., 0., 0., 0.],
       [0., 0., 0., 0., 0., 1.],
       [0., 0., 1., 0., 1., 0.]]), array([0, 1, 2, 4, 5, 8])), (array([[0., 1., 0., 0., 1., 0.],
       [0., 0., 0., 0., 1., 0.],
       [0., 0., 0., 1., 0., 1.],
       [1., 0., 0., 0., 0., 0.],
       [0., 0., 0., 0., 0., 1.],
       [0., 0., 1., 0., 0., 0.]]), array([0, 1, 2, 4, 5, 8])), (array([[0., 1., 0., 0., 1., 0.],
       [0., 0., 0., 0., 1., 0.],
       [0., 0., 0., 1., 0., 1.],
       [1., 0., 0., 0., 0., 0.],
       [0., 0., 1., 0., 0., 0.],
       [0., 0., 1., 0., 1., 0.]]), array([0, 1, 2, 4, 5, 8])), (array([[0., 1., 0., 0., 1., 0.],
       [0., 0., 0., 0., 1., 0.],
       [0., 0., 0., 1., 0., 1.],
       [1., 0., 0., 0., 0., 0.],
       [0., 0., 1., 0., 0., 0.],
       [0., 0., 0., 0., 1., 0.]]), array([0, 1, 2, 4, 5, 8])), (array([[0., 1., 0., 0., 1., 0.],
       [0., 0., 0., 0., 1., 0.],
       [0., 0., 0., 1., 0., 1.],
       [1., 0., 0., 0., 0., 0.],
       [0., 0., 1., 0., 0., 0.],
       [0., 0., 1., 0., 0., 0.]]), array([0, 1, 2, 4, 5, 8])), (array([[0., 1., 0., 0., 1., 0.],
       [0., 0., 0., 0., 1., 0.],
       [0., 0., 0., 1., 0., 1.],
       [1., 0., 0., 0., 0., 0.],
       [0., 0., 1., 0., 0., 1.],
       [0., 0., 0., 0., 1., 0.]]), array([0, 1, 2, 4, 5, 8])), (array([[0., 1., 0., 0., 1., 0.],
       [0., 0., 0., 0., 1., 0.],
       [0., 0., 0., 1., 0., 1.],
       [1., 0., 0., 0., 0., 0.],
       [0., 0., 1., 0., 0., 1.],
       [0., 0., 1., 0., 0., 0.]]), array([0, 1, 2, 4, 5, 8])), (array([[0., 1., 0., 0., 1., 0., 0.],
       [0., 0., 0., 0., 1., 0., 0.],
       [0., 0., 0., 1., 0., 1., 0.],
       [1., 0., 0., 0., 0., 0., 0.],
       [0., 0., 0., 0., 0., 0., 1.],
       [0., 0., 0., 0., 0., 0., 1.],
       [0., 0., 1., 0., 0., 0., 0.]]), array([0, 1, 2, 4, 5, 7, 8])), (array([[0., 1., 0., 0., 1., 0., 0.],
       [0., 0., 0., 0., 1., 0., 0.],
       [0., 0., 0., 1., 0., 1., 0.],
       [1., 0., 0., 0., 0., 0., 0.],
       [0., 0., 0., 0., 0., 0., 1.],
       [0., 0., 0., 0., 1., 0., 0.],
       [0., 0., 1., 0., 0., 0., 0.]]), array([0, 1, 2, 4, 5, 7, 8])), (array([[0., 1., 0., 0., 1., 0., 0.],
       [0., 0., 0., 0., 1., 0., 0.],
       [0., 0., 0., 1., 0., 1., 0.],
       [1., 0., 0., 0., 0., 0., 0.],
       [0., 0., 1., 0., 0., 0., 0.],
       [0., 0., 0., 0., 0., 0., 1.],
       [0., 0., 0., 0., 1., 0., 0.]]), array([0, 1, 2, 4, 5, 7, 8])), (array([[0., 1., 0., 0., 1., 0., 0.],
       [0., 0., 0., 0., 1., 0., 0.],
       [0., 0., 0., 1., 0., 1., 0.],
       [1., 0., 0., 0., 0., 0., 0.],
       [0., 0., 1., 0., 0., 0., 0.],
       [0., 0., 0., 0., 0., 0., 1.],
       [0., 0., 1., 0., 0., 0., 0.]]), array([0, 1, 2, 4, 5, 7, 8])), (array([[0., 1., 0., 0., 1., 0.],
       [0., 0., 0., 0., 1., 0.],
       [0., 0., 0., 1., 0., 1.],
       [1., 0., 0., 0., 0., 0.],
       [0., 0., 1., 0., 0., 0.],
       [0., 0., 0., 0., 1., 0.]]), array([0, 1, 2, 4, 5, 7])), (array([[0., 1., 0., 0., 1., 0., 0.],
       [0., 0., 0., 0., 1., 0., 0.],
       [0., 0., 0., 1., 0., 1., 0.],
       [1., 0., 0., 0., 0., 0., 0.],
       [0., 0., 0., 0., 0., 0., 1.],
       [0., 0., 0., 0., 0., 0., 1.],
       [0., 0., 1., 0., 0., 0., 0.]]), array([0, 1, 2, 4, 5, 6, 8])), (array([[0., 1., 0., 0., 1., 0., 0.],
       [0., 0., 0., 0., 1., 0., 0.],
       [0., 0., 0., 1., 0., 1., 0.],
       [1., 0., 0., 0., 0., 0., 0.],
       [0., 0., 1., 0., 0., 0., 0.],
       [0., 0., 0., 0., 0., 0., 1.],
       [0., 0., 0., 0., 1., 0., 0.]]), array([0, 1, 2, 4, 5, 6, 8])), (array([[0., 1., 0., 0., 1., 0., 0.],
       [0., 0., 0., 0., 1., 0., 0.],
       [0., 0., 0., 1., 0., 1., 0.],
       [1., 0., 0., 0., 0., 0., 0.],
       [0., 0., 1., 0., 0., 0., 0.],
       [0., 0., 0., 0., 0., 0., 1.],
       [0., 0., 1., 0., 0., 0., 0.]]), array([0, 1, 2, 4, 5, 6, 8])), (array([[0., 1., 1., 0., 0., 0.],
       [0., 0., 0., 0., 1., 0.],
       [0., 0., 0., 1., 0., 0.],
       [1., 0., 0., 0., 0., 0.],
       [0., 0., 1., 0., 0., 1.],
       [0., 0., 1., 0., 1., 0.]]), array([0, 1, 2, 4, 5, 8])), (array([[0., 1., 1., 0., 0., 0.],
       [0., 0., 0., 0., 1., 0.],
       [0., 0., 0., 1., 0., 0.],
       [1., 0., 0., 0., 0., 0.],
       [0., 0., 0., 0., 0., 1.],
       [0., 0., 1., 0., 1., 0.]]), array([0, 1, 2, 4, 5, 8])), (array([[0., 1., 1., 0., 0., 0.],
       [0., 0., 0., 0., 1., 0.],
       [0., 0., 0., 1., 0., 0.],
       [1., 0., 0., 0., 0., 0.],
       [0., 0., 0., 0., 0., 1.],
       [0., 0., 0., 0., 1., 0.]]), array([0, 1, 2, 4, 5, 8])), (array([[0., 1., 1., 0., 0., 0.],
       [0., 0., 0., 0., 1., 0.],
       [0., 0., 0., 1., 0., 0.],
       [1., 0., 0., 0., 0., 0.],
       [0., 0., 0., 0., 0., 1.],
       [0., 0., 1., 0., 0., 0.]]), array([0, 1, 2, 4, 5, 8])), (array([[0., 1., 1., 0., 0.],
       [0., 0., 0., 0., 1.],
       [0., 0., 0., 1., 0.],
       [1., 0., 0., 0., 0.],
       [0., 0., 1., 0., 0.]]), array([0, 1, 2, 4, 5])), (array([[0., 1., 1., 0., 0., 0.],
       [0., 0., 0., 0., 1., 0.],
       [0., 0., 0., 1., 0., 0.],
       [1., 0., 0., 0., 0., 0.],
       [0., 0., 1., 0., 0., 1.],
       [0., 0., 0., 0., 1., 0.]]), array([0, 1, 2, 4, 5, 8])), (array([[0., 1., 1., 0., 0., 0.],
       [0., 0., 0., 0., 1., 0.],
       [0., 0., 0., 1., 0., 0.],
       [1., 0., 0., 0., 0., 0.],
       [0., 0., 1., 0., 0., 1.],
       [0., 0., 1., 0., 0., 0.]]), array([0, 1, 2, 4, 5, 8])), (array([[0., 1., 1., 0., 0., 0.],
       [0., 0., 0., 0., 1., 0.],
       [0., 0., 0., 1., 0., 1.],
       [1., 0., 0., 0., 0., 0.],
       [0., 0., 0., 0., 0., 1.],
       [0., 0., 1., 0., 1., 0.]]), array([0, 1, 2, 4, 5, 8])), (array([[0., 1., 1., 0., 0., 0.],
       [0., 0., 0., 0., 1., 0.],
       [0., 0., 0., 1., 0., 1.],
       [1., 0., 0., 0., 0., 0.],
       [0., 0., 0., 0., 0., 1.],
       [0., 0., 0., 0., 1., 0.]]), array([0, 1, 2, 4, 5, 8])), (array([[0., 1., 1., 0., 0., 0.],
       [0., 0., 0., 0., 1., 0.],
       [0., 0., 0., 1., 0., 1.],
       [1., 0., 0., 0., 0., 0.],
       [0., 0., 0., 0., 0., 1.],
       [0., 0., 1., 0., 0., 0.]]), array([0, 1, 2, 4, 5, 8])), (array([[0., 1., 1., 0., 0., 0.],
       [0., 0., 0., 0., 1., 0.],
       [0., 0., 0., 1., 0., 1.],
       [1., 0., 0., 0., 0., 0.],
       [0., 0., 1., 0., 0., 0.],
       [0., 0., 1., 0., 1., 0.]]), array([0, 1, 2, 4, 5, 8])), (array([[0., 1., 1., 0., 0., 0.],
       [0., 0., 0., 0., 1., 0.],
       [0., 0., 0., 1., 0., 1.],
       [1., 0., 0., 0., 0., 0.],
       [0., 0., 1., 0., 0., 0.],
       [0., 0., 0., 0., 1., 0.]]), array([0, 1, 2, 4, 5, 8])), (array([[0., 1., 1., 0., 0., 0.],
       [0., 0., 0., 0., 1., 0.],
       [0., 0., 0., 1., 0., 1.],
       [1., 0., 0., 0., 0., 0.],
       [0., 0., 1., 0., 0., 0.],
       [0., 0., 1., 0., 0., 0.]]), array([0, 1, 2, 4, 5, 8])), (array([[0., 1., 1., 0., 0., 0.],
       [0., 0., 0., 0., 1., 0.],
       [0., 0., 0., 1., 0., 1.],
       [1., 0., 0., 0., 0., 0.],
       [0., 0., 1., 0., 0., 1.],
       [0., 0., 0., 0., 1., 0.]]), array([0, 1, 2, 4, 5, 8])), (array([[0., 1., 1., 0., 0., 0.],
       [0., 0., 0., 0., 1., 0.],
       [0., 0., 0., 1., 0., 1.],
       [1., 0., 0., 0., 0., 0.],
       [0., 0., 1., 0., 0., 1.],
       [0., 0., 1., 0., 0., 0.]]), array([0, 1, 2, 4, 5, 8])), (array([[0., 1., 1., 0., 0., 0., 0.],
       [0., 0., 0., 0., 1., 0., 0.],
       [0., 0., 0., 1., 0., 1., 0.],
       [1., 0., 0., 0., 0., 0., 0.],
       [0., 0., 0., 0., 0., 0., 1.],
       [0., 0., 0., 0., 0., 0., 1.],
       [0., 0., 0., 0., 1., 0., 0.]]), array([0, 1, 2, 4, 5, 7, 8])), (array([[0., 1., 1., 0., 0., 0., 0.],
       [0., 0., 0., 0., 1., 0., 0.],
       [0., 0., 0., 1., 0., 1., 0.],
       [1., 0., 0., 0., 0., 0., 0.],
       [0., 0., 0., 0., 0., 0., 1.],
       [0., 0., 0., 0., 0., 0., 1.],
       [0., 0., 1., 0., 0., 0., 0.]]), array([0, 1, 2, 4, 5, 7, 8])), (array([[0., 1., 1., 0., 0., 0., 0.],
       [0., 0., 0., 0., 1., 0., 0.],
       [0., 0., 0., 1., 0., 1., 0.],
       [1., 0., 0., 0., 0., 0., 0.],
       [0., 0., 0., 0., 0., 0., 1.],
       [0., 0., 0., 0., 1., 0., 0.],
       [0., 0., 0., 0., 1., 0., 0.]]), array([0, 1, 2, 4, 5, 7, 8])), (array([[0., 1., 1., 0., 0., 0., 0.],
       [0., 0., 0., 0., 1., 0., 0.],
       [0., 0., 0., 1., 0., 1., 0.],
       [1., 0., 0., 0., 0., 0., 0.],
       [0., 0., 0., 0., 0., 0., 1.],
       [0., 0., 0., 0., 1., 0., 0.],
       [0., 0., 1., 0., 0., 0., 0.]]), array([0, 1, 2, 4, 5, 7, 8])), (array([[0., 1., 1., 0., 0., 0., 0.],
       [0., 0., 0., 0., 1., 0., 0.],
       [0., 0., 0., 1., 0., 1., 0.],
       [1., 0., 0., 0., 0., 0., 0.],
       [0., 0., 1., 0., 0., 0., 0.],
       [0., 0., 0., 0., 0., 0., 1.],
       [0., 0., 0., 0., 1., 0., 0.]]), array([0, 1, 2, 4, 5, 7, 8])), (array([[0., 1., 1., 0., 0., 0., 0.],
       [0., 0., 0., 0., 1., 0., 0.],
       [0., 0., 0., 1., 0., 1., 0.],
       [1., 0., 0., 0., 0., 0., 0.],
       [0., 0., 1., 0., 0., 0., 0.],
       [0., 0., 0., 0., 0., 0., 1.],
       [0., 0., 1., 0., 0., 0., 0.]]), array([0, 1, 2, 4, 5, 7, 8])), (array([[0., 1., 1., 0., 0., 0.],
       [0., 0., 0., 0., 1., 0.],
       [0., 0., 0., 1., 0., 1.],
       [1., 0., 0., 0., 0., 0.],
       [0., 0., 1., 0., 0., 0.],
       [0., 0., 0., 0., 1., 0.]]), array([0, 1, 2, 4, 5, 7])), (array([[0., 1., 1., 0., 0., 0., 0.],
       [0., 0., 0., 0., 1., 0., 0.],
       [0., 0., 0., 1., 0., 1., 0.],
       [1., 0., 0., 0., 0., 0., 0.],
       [0., 0., 0., 0., 0., 0., 1.],
       [0., 0., 0., 0., 0., 0., 1.],
       [0., 0., 0., 0., 1., 0., 0.]]), array([0, 1, 2, 4, 5, 6, 8])), (array([[0., 1., 1., 0., 0., 0., 0.],
       [0., 0., 0., 0., 1., 0., 0.],
       [0., 0., 0., 1., 0., 1., 0.],
       [1., 0., 0., 0., 0., 0., 0.],
       [0., 0., 0., 0., 0., 0., 1.],
       [0., 0., 0., 0., 0., 0., 1.],
       [0., 0., 1., 0., 0., 0., 0.]]), array([0, 1, 2, 4, 5, 6, 8])), (array([[0., 1., 1., 0., 0., 0., 0.],
       [0., 0., 0., 0., 1., 0., 0.],
       [0., 0., 0., 1., 0., 1., 0.],
       [1., 0., 0., 0., 0., 0., 0.],
       [0., 0., 1., 0., 0., 0., 0.],
       [0., 0., 0., 0., 0., 0., 1.],
       [0., 0., 0., 0., 1., 0., 0.]]), array([0, 1, 2, 4, 5, 6, 8])), (array([[0., 1., 1., 0., 0., 0., 0.],
       [0., 0., 0., 0., 1., 0., 0.],
       [0., 0., 0., 1., 0., 1., 0.],
       [1., 0., 0., 0., 0., 0., 0.],
       [0., 0., 1., 0., 0., 0., 0.],
       [0., 0., 0., 0., 0., 0., 1.],
       [0., 0., 1., 0., 0., 0., 0.]]), array([0, 1, 2, 4, 5, 6, 8])), (array([[0., 1., 1., 0., 1., 0.],
       [0., 0., 0., 0., 1., 0.],
       [0., 0., 0., 1., 0., 0.],
       [1., 0., 0., 0., 0., 0.],
       [0., 0., 0., 0., 0., 1.],
       [0., 0., 1., 0., 1., 0.]]), array([0, 1, 2, 4, 5, 8])), (array([[0., 1., 1., 0., 1., 0.],
       [0., 0., 0., 0., 1., 0.],
       [0., 0., 0., 1., 0., 0.],
       [1., 0., 0., 0., 0., 0.],
       [0., 0., 0., 0., 0., 1.],
       [0., 0., 0., 0., 1., 0.]]), array([0, 1, 2, 4, 5, 8])), (array([[0., 1., 1., 0., 1., 0.],
       [0., 0., 0., 0., 1., 0.],
       [0., 0., 0., 1., 0., 0.],
       [1., 0., 0., 0., 0., 0.],
       [0., 0., 0., 0., 0., 1.],
       [0., 0., 1., 0., 0., 0.]]), array([0, 1, 2, 4, 5, 8])), (array([[0., 1., 1., 0., 1.],
       [0., 0., 0., 0., 1.],
       [0., 0., 0., 1., 0.],
       [1., 0., 0., 0., 0.],
       [0., 0., 1., 0., 0.]]), array([0, 1, 2, 4, 5])), (array([[0., 1., 1., 0., 1., 0.],
       [0., 0., 0., 0., 1., 0.],
       [0., 0., 0., 1., 0., 0.],
       [1., 0., 0., 0., 0., 0.],
       [0., 0., 1., 0., 0., 1.],
       [0., 0., 0., 0., 1., 0.]]), array([0, 1, 2, 4, 5, 8])), (array([[0., 1., 1., 0., 1., 0.],
       [0., 0., 0., 0., 1., 0.],
       [0., 0., 0., 1., 0., 0.],
       [1., 0., 0., 0., 0., 0.],
       [0., 0., 1., 0., 0., 1.],
       [0., 0., 1., 0., 0., 0.]]), array([0, 1, 2, 4, 5, 8])), (array([[0., 1., 1., 0., 1., 0.],
       [0., 0., 0., 0., 1., 0.],
       [0., 0., 0., 1., 0., 1.],
       [1., 0., 0., 0., 0., 0.],
       [0., 0., 0., 0., 0., 1.],
       [0., 0., 0., 0., 1., 0.]]), array([0, 1, 2, 4, 5, 8])), (array([[0., 1., 1., 0., 1., 0.],
       [0., 0., 0., 0., 1., 0.],
       [0., 0., 0., 1., 0., 1.],
       [1., 0., 0., 0., 0., 0.],
       [0., 0., 0., 0., 0., 1.],
       [0., 0., 1., 0., 0., 0.]]), array([0, 1, 2, 4, 5, 8])), (array([[0., 1., 1., 0., 1., 0.],
       [0., 0., 0., 0., 1., 0.],
       [0., 0., 0., 1., 0., 1.],
       [1., 0., 0., 0., 0., 0.],
       [0., 0., 1., 0., 0., 0.],
       [0., 0., 0., 0., 1., 0.]]), array([0, 1, 2, 4, 5, 8])), (array([[0., 1., 1., 0., 1., 0.],
       [0., 0., 0., 0., 1., 0.],
       [0., 0., 0., 1., 0., 1.],
       [1., 0., 0., 0., 0., 0.],
       [0., 0., 1., 0., 0., 0.],
       [0., 0., 1., 0., 0., 0.]]), array([0, 1, 2, 4, 5, 8])), (array([[0., 1., 1., 0., 1., 0.],
       [0., 0., 0., 0., 1., 0.],
       [0., 0., 0., 1., 0., 1.],
       [1., 0., 0., 0., 0., 0.],
       [0., 0., 1., 0., 0., 0.],
       [0., 0., 0., 0., 1., 0.]]), array([0, 1, 2, 4, 5, 7]))]